Gslib file
6  
BHID  
X  
Y  
Z  
THICK  
ATG_mean  
1 591159.4988 9726722.5570 0.0000 1.5000 49.9782
2 591354.7392 9726725.1270 0.0000 1.4000 47.0646
3 591580.9698 9726727.7570 0.0000 0.5000 46.2501
4 591774.2902 9726734.8370 0.0000 0.9000 59.8406
5 590853.1380 9726538.5170 0.0000 3.3000 52.2590
6 591056.4985 9726543.2070 0.0000 1.0000 47.2820
7 591269.5190 9726548.6470 0.0000 5.0000 52.8772
8 591472.2095 9726551.1970 0.0000 3.0500 53.7273
9 591648.2599 9726552.2170 0.0000 3.5000 50.5776
10 591775.0802 9726553.6570 0.0000 1.5000 51.0002
11 590571.7373 9726329.9960 0.0000 1.5000 56.7103
12 590778.3378 9726337.0160 0.0000 2.0000 53.6616
13 590977.3583 9726342.5560 0.0000 1.6500 51.0912
14 591180.2888 9726343.4160 0.0000 3.5000 53.0877
15 591380.2793 9726346.8460 0.0000 3.0000 50.9895
16 591573.4197 9726346.7360 0.0000 4.0000 49.0472
17 591776.1502 9726353.9260 0.0000 1.0000 53.1388
18 590419.9470 9726145.0660 0.0000 1.0000 49.6980
19 590612.7474 9726144.1660 0.0000 3.5000 53.5761
20 590794.1579 9726145.2660 0.0000 2.0000 53.4091
21 590984.0183 9726143.4760 0.0000 2.5500 53.0359
22 591220.9689 9726138.4160 0.0000 3.4000 53.3654
23 591402.4093 9726143.5260 0.0000 2.0000 47.1730
24 591579.4097 9726155.6760 0.0000 2.0000 52.2418
25 591779.4102 9726155.6760 0.0000 1.5000 51.8514
26 590351.4068 9725904.0850 0.0000 2.9000 54.0167
27 590613.2574 9725908.9850 0.0000 2.0000 50.2191
28 590813.2979 9725912.3350 0.0000 2.5000 50.5508
29 591013.7284 9725915.4250 0.0000 5.0000 55.3607
30 591188.3588 9725916.3450 0.0000 1.3000 52.3613
31 591391.1893 9725917.5550 0.0000 3.0000 51.7850
32 591600.5498 9725915.5550 0.0000 1.5000 52.9839
33 592584.2622 9726704.1470 0.0000 4.9000 53.7658
34 592789.0027 9726710.6770 0.0000 1.5000 52.9798
35 593008.9032 9726713.4170 0.0000 1.5500 53.7811
36 593193.1736 9726716.9970 0.0000 1.0000 48.7378
37 593393.2841 9726715.6270 0.0000 2.8000 52.2810
38 593579.4546 9726723.8770 0.0000 0.5000 48.3475
39 592606.0922 9726569.9370 0.0000 1.5000 53.5725
40 592804.2127 9726573.6770 0.0000 2.9500 54.8334
41 593009.1932 9726574.4370 0.0000 2.4000 49.6373
43 593388.6541 9726586.7770 0.0000 1.0000 57.6312
44 593596.0046 9726583.7270 0.0000 3.8500 55.8539
45 593819.1651 9726591.5570 0.0000 1.0000 53.2267
46 593995.5055 9726596.1070 0.0000 1.5000 51.6825
47 592594.8122 9726393.8360 0.0000 2.0000 54.1762
48 592781.9526 9726388.4460 0.0000 1.0000 44.0204
49 592987.8531 9726386.5260 0.0000 1.0000 50.3492
50 593184.5936 9726384.8660 0.0000 1.6000 52.9598
51 593373.4840 9726387.2360 0.0000 0.5000 51.1777
52 593574.7545 9726377.8960 0.0000 1.5000 51.0876
53 593776.0550 9726389.4060 0.0000 1.5000 52.5402
54 593981.6955 9726388.0960 0.0000 2.5000 51.7352
55 592578.5321 9726191.7660 0.0000 1.9500 49.0707
56 592787.9226 9726191.7460 0.0000 2.0000 49.1705
57 592980.5231 9726192.8360 0.0000 2.0000 51.0427
58 593191.9436 9726195.4860 0.0000 0.5000 50.6951
59 593399.5041 9726193.6260 0.0000 2.5000 51.2990
60 593579.9445 9726197.4560 0.0000 3.0000 51.5368
61 593779.6150 9726199.4560 0.0000 3.5000 55.7522
62 594000.3755 9726199.4660 0.0000 2.5000 54.1543
63 592589.8721 9725993.0950 0.0000 1.0000 54.9136
64 592815.8927 9725996.4850 0.0000 2.4000 51.7897
65 592985.5531 9725983.4250 0.0000 1.7000 50.1381
66 593217.0636 9725985.0050 0.0000 2.7000 51.1501
67 593586.9845 9725984.5050 0.0000 2.6500 53.2859
68 593779.2450 9725987.5950 0.0000 2.1500 51.6756
69 593983.1855 9725988.4550 0.0000 2.0000 48.6296
70 594388.5865 9726728.5570 0.0000 2.0000 51.4463
71 594734.5373 9726737.6370 0.0000 1.5000 59.1821
72 594191.8560 9726597.7170 0.0000 2.1500 55.1974
73 594388.9165 9726599.9870 0.0000 1.5000 49.5969
74 594584.6470 9726596.2670 0.0000 3.0000 46.1307
75 594192.3260 9726394.3360 0.0000 2.5000 57.2352
76 594392.4365 9726391.1660 0.0000 2.5000 51.5895
77 594588.1469 9726398.8460 0.0000 3.5000 52.9151
78 594190.9560 9726190.8660 0.0000 1.5000 53.5634
79 594367.4564 9726193.9460 0.0000 2.9000 50.8303
80 594184.1359 9725994.6450 0.0000 4.8000 57.1932
81 594384.3064 9725991.1250 0.0000 1.0000 46.0823
82 590591.6073 9725761.1050 0.0000 3.5000 54.3395
83 590797.4878 9725759.0150 0.0000 2.9500 54.0764
84 590996.6983 9725760.7550 0.0000 1.5500 53.2377
85 591213.9388 9725759.1650 0.0000 3.4000 49.4747
86 591395.9093 9725757.8250 0.0000 2.5000 55.2376
87 591592.6497 9725759.1650 0.0000 2.5000 55.8484
88 591777.1902 9725761.3550 0.0000 2.5500 55.5321
89 590385.7868 9725713.6150 0.0000 1.4500 47.0413
90 590385.3968 9725610.7050 0.0000 3.0000 52.5287
91 590580.7273 9725565.2940 0.0000 2.7500 54.3960
92 590780.7278 9725565.2940 0.0000 3.6000 55.4342
93 590980.8082 9725565.2740 0.0000 1.2000 54.1392
94 591180.7287 9725565.2940 0.0000 2.0000 52.9483
95 591378.7792 9725565.6240 0.0000 2.5000 55.7322
96 591578.0997 9725564.2240 0.0000 2.5300 56.3984
97 591780.7302 9725565.2940 0.0000 1.5000 50.4064
98 591972.7406 9725557.4340 0.0000 0.5000 47.2872
99 590810.0678 9725362.6240 0.0000 1.5000 51.7359
100 590979.0982 9725359.9440 0.0000 2.0000 51.2803
101 591195.8787 9725370.8440 0.0000 2.5000 54.5506
102 591389.8592 9725360.8740 0.0000 1.5000 53.7731
103 591590.0397 9725381.5840 0.0000 1.5000 53.9462
104 591783.3101 9725389.0840 0.0000 1.5000 52.3777
106 590589.9673 9725206.8440 0.0000 3.3500 53.0051
107 590830.7079 9725160.9330 0.0000 2.9000 54.7524
108 590981.4282 9725159.8530 0.0000 2.3500 53.8284
109 591241.5488 9725158.6430 0.0000 1.5000 54.2020
110 591375.5692 9725158.8230 0.0000 2.0000 54.6634
111 591567.9496 9725160.5630 0.0000 3.5000 53.2240
112 591794.9602 9725161.9830 0.0000 2.5000 52.3611
113 591959.5805 9725158.8330 0.0000 0.5000 52.1349
114 590743.4776 9724961.5030 0.0000 2.0000 49.4234
115 590943.9181 9724961.9030 0.0000 1.5000 45.9483
116 591184.0887 9724961.5130 0.0000 2.5000 53.9698
117 591382.5492 9724962.3630 0.0000 3.5000 51.5759
118 591991.5006 9724958.1630 0.0000 0.5000 45.3469
119 591781.0202 9725914.5550 0.0000 2.0000 52.0088
120 588904.3132 9724852.1030 0.0000 3.5000 53.7795
121 588904.6232 9724857.4830 0.0000 3.0000 52.0637
122 588904.0232 9724862.4930 0.0000 4.0000 54.1141
123 588904.1932 9724867.4030 0.0000 2.0000 53.8813
124 588903.9732 9724872.4330 0.0000 4.0000 53.3704
125 588904.5932 9724877.5630 0.0000 1.5000 51.9997
126 588903.6432 9724887.3930 0.0000 1.6000 52.6973
127 588904.0232 9724897.5230 0.0000 2.5000 51.8711
128 588903.6032 9724907.1030 0.0000 1.8000 54.3180
129 588903.3632 9724917.4930 0.0000 1.8000 51.9438
130 588903.9632 9724927.2530 0.0000 1.5000 53.5886
131 588903.9132 9724952.4530 0.0000 3.6500 56.2526
132 588903.8632 9724977.5230 0.0000 2.5500 53.4483
133 588903.9732 9725002.3730 0.0000 4.5000 50.3385
134 588904.1232 9725027.2030 0.0000 3.4500 54.3751
135 588903.8832 9725052.3630 0.0000 1.5000 53.1449
136 588899.4032 9724852.9330 0.0000 2.5000 50.0718
137 588894.4432 9724852.3130 0.0000 5.0000 53.9403
138 588889.3732 9724852.4030 0.0000 2.5000 51.5465
139 588884.2132 9724852.3930 0.0000 3.0000 54.0159
140 588879.2332 9724852.1630 0.0000 3.0000 54.1463
141 588869.2231 9724852.4730 0.0000 2.0000 51.8340
142 588849.2531 9724852.4830 0.0000 2.0000 52.3978
143 588839.2031 9724852.3630 0.0000 2.0000 51.8256
144 588829.2930 9724852.4130 0.0000 1.5000 54.4360
145 588804.1730 9724852.4830 0.0000 2.0000 51.5361
146 588779.3829 9724852.4330 0.0000 5.0000 55.0131
147 588754.2129 9724852.6130 0.0000 2.0000 53.7240
148 588729.3528 9724852.4730 0.0000 2.0000 52.5253
149 588704.2927 9724852.4830 0.0000 3.0000 53.1566
150 586648.4378 9724564.1120 0.0000 3.1000 53.2106
151 586642.7378 9724350.6620 0.0000 2.3000 51.6190
152 586652.6978 9724167.4610 0.0000 3.6000 54.9937
153 586644.3577 9723970.2110 0.0000 2.5000 55.3050
154 586847.5683 9724561.2120 0.0000 6.1000 54.7823
155 586846.4083 9724370.3320 0.0000 3.5000 56.8398
156 586845.8982 9724165.2010 0.0000 3.5500 54.5989
157 586850.7882 9723969.4410 0.0000 2.5000 54.4419
158 587049.3788 9724570.1120 0.0000 2.2500 51.4636
159 587046.0887 9724377.7320 0.0000 2.8500 49.8817
160 587045.2287 9724201.9810 0.0000 2.9000 54.7665
161 587051.9287 9723969.1010 0.0000 1.5000 52.5553
162 587245.7292 9724167.2910 0.0000 1.5000 47.8262
163 587251.7892 9723969.2210 0.0000 1.0000 49.7353
164 587480.4998 9724763.1630 0.0000 3.5000 53.4496
165 587452.2397 9724372.5420 0.0000 1.5500 55.6198
166 587454.4797 9724194.0110 0.0000 2.6500 53.0139
167 587452.6397 9723967.3010 0.0000 1.0000 51.4325
168 587653.7003 9725089.5240 0.0000 2.0000 50.8387
169 587653.8802 9724967.8430 0.0000 1.0000 56.9000
170 587646.1602 9724770.9530 0.0000 5.3500 50.7148
171 587644.8902 9724571.9020 0.0000 4.1000 52.9232
172 587648.0202 9724373.1120 0.0000 2.5000 51.9166
173 587646.1202 9724170.8010 0.0000 3.1500 52.1309
174 587648.0201 9723980.6110 0.0000 1.5000 50.5139
175 587780.7805 9724965.5530 0.0000 4.0000 53.4329
176 587778.0005 9724766.6830 0.0000 3.4000 54.1513
177 587786.5205 9724567.7320 0.0000 4.5000 52.2091
178 587784.6905 9724378.1420 0.0000 1.5500 50.6039
179 587784.4905 9724170.5410 0.0000 2.5000 53.4528
180 587785.3705 9723965.6210 0.0000 2.2000 53.4825
181 587989.5810 9724969.9730 0.0000 1.5000 50.7511
182 587980.5910 9724768.3530 0.0000 4.9000 53.7397
183 587986.7310 9724576.8020 0.0000 3.6000 50.9877
184 587953.3809 9724356.0620 0.0000 2.4500 52.4533
185 587957.6609 9724153.9210 0.0000 2.7000 52.1833
186 587968.4809 9723964.9210 0.0000 3.6500 51.8893
187 587978.3811 9725336.4040 0.0000 2.0500 53.6024
188 587902.5709 9725254.4240 0.0000 3.1000 55.7190
189 587930.3309 9725160.2340 0.0000 1.7000 52.8975
190 587938.4109 9725054.6830 0.0000 2.0000 55.3946
191 588056.4312 9725333.5640 0.0000 2.5000 51.6876
192 588009.0611 9725235.1340 0.0000 3.5000 51.5589
193 588041.1912 9725144.4940 0.0000 3.1000 50.4478
194 588049.0412 9725041.1930 0.0000 2.3500 54.2029
195 588057.9412 9724936.8630 0.0000 3.3500 54.1755
196 588159.5915 9725342.1440 0.0000 2.9000 54.2296
197 588109.5614 9725247.4440 0.0000 3.5000 52.0529
198 588144.8114 9725153.1640 0.0000 2.9000 54.1857
199 588151.2714 9725049.5530 0.0000 2.1000 54.9588
200 588160.0715 9724950.2330 0.0000 2.1000 52.0742
201 588144.8114 9724835.2230 0.0000 2.5000 53.2664
202 588185.7815 9724769.1030 0.0000 4.1000 53.8002
203 588185.7815 9724569.1020 0.0000 4.4500 52.9997
204 588185.9515 9724368.8220 0.0000 3.4000 52.2047
205 588186.3214 9724172.5110 0.0000 3.5000 48.0227
206 588185.5414 9723957.9110 0.0000 2.9000 51.3074
207 588261.1817 9725349.1340 0.0000 2.6000 51.1564
208 588247.1217 9725242.8440 0.0000 2.5000 53.0775
209 588246.4017 9725160.2940 0.0000 2.0000 53.4894
210 588247.0117 9725057.8730 0.0000 3.6000 52.9435
211 588262.6217 9724953.5830 0.0000 2.0000 52.1937
212 588247.9417 9724844.1430 0.0000 2.8000 51.8798
213 588255.8617 9724741.1430 0.0000 3.0000 52.0817
214 588360.7420 9725354.9440 0.0000 3.4000 53.9394
215 588348.3319 9725246.5040 0.0000 2.4500 53.8606
216 588351.3019 9725168.2840 0.0000 2.9000 55.2782
217 588364.8319 9725042.2130 0.0000 3.2000 55.3524
218 588351.0119 9724932.3730 0.0000 2.4000 52.9600
219 588349.7719 9724854.0130 0.0000 3.9500 52.1131
220 588358.4319 9724750.6030 0.0000 5.0000 51.3640
221 588362.6519 9724643.8120 0.0000 3.5000 55.1612
222 588356.2219 9724552.8420 0.0000 4.6500 52.2149
223 588393.3119 9724161.7910 0.0000 4.5000 51.4189
224 588385.7319 9723969.1510 0.0000 3.0000 53.0133
225 588438.8922 9725361.8740 0.0000 2.0000 55.0572
226 588443.1722 9725257.6340 0.0000 1.5000 52.5208
227 588448.1022 9725161.6740 0.0000 3.2000 51.3889
228 588468.1522 9725051.2430 0.0000 2.5000 53.8357
229 588476.6922 9724946.7630 0.0000 5.0000 54.0956
230 588466.7622 9724857.5530 0.0000 4.7000 53.1225
231 588459.9622 9724757.2030 0.0000 5.0000 52.5106
232 588446.2921 9724645.5620 0.0000 2.5000 53.0454
233 588454.5221 9724543.8520 0.0000 3.2000 52.6289
234 588486.5322 9724447.8120 0.0000 1.9000 49.0992
235 588537.2824 9725362.6940 0.0000 1.0000 52.2845
236 588547.4624 9725259.7940 0.0000 3.0000 54.3838
237 588556.2824 9725161.4640 0.0000 1.5000 55.7969
238 588560.6424 9725055.2830 0.0000 3.6500 52.7473
239 588562.7824 9724950.8130 0.0000 2.5000 56.2376
240 588563.8124 9724849.6430 0.0000 1.6500 52.7641
241 588540.2323 9724758.2930 0.0000 3.5500 51.6992
242 588549.0224 9724654.2220 0.0000 4.6000 52.0733
243 588552.9824 9724529.8120 0.0000 2.5000 52.4388
244 588585.9924 9723972.7210 0.0000 3.5000 41.4551
245 588573.6525 9725404.2840 0.0000 2.5000 54.3785
246 588573.4524 9724430.2420 0.0000 2.2000 50.8232
247 588542.2023 9724362.4420 0.0000 2.1000 49.9821
248 588589.2924 9724298.4520 0.0000 2.8000 51.1877
249 588620.3826 9725580.1150 0.0000 2.5000 54.3093
250 588641.2526 9725482.0140 0.0000 3.1500 53.5452
251 588651.0427 9725348.6640 0.0000 2.4000 52.3077
252 588649.1926 9725255.2340 0.0000 2.5000 53.6130
253 588659.3327 9725159.2740 0.0000 3.0000 57.2047
254 588662.8827 9725053.5230 0.0000 1.3000 51.5871
255 588661.8427 9724948.4730 0.0000 3.2000 52.2826
256 588662.8726 9724847.5030 0.0000 3.0000 54.7230
257 588663.3726 9724745.4030 0.0000 2.3000 54.6772
258 588667.0526 9724646.8420 0.0000 3.8000 52.9829
259 588667.7226 9724550.9820 0.0000 4.5000 54.9625
260 588659.0827 9725639.4550 0.0000 2.1500 50.8706
261 588679.4627 9725541.2950 0.0000 2.6500 52.3681
262 588692.7027 9725052.3530 0.0000 0.5000 52.7590
263 588670.9226 9724453.5920 0.0000 4.4000 55.2037
264 588675.2326 9724354.1020 0.0000 4.0500 51.4742
265 588677.3926 9724275.0120 0.0000 3.0000 51.7273
267 588725.2029 9725596.6050 0.0000 2.0000 52.0476
268 588755.5429 9725476.9540 0.0000 2.5000 53.3507
269 588749.6129 9725354.1040 0.0000 2.0000 50.9724
270 588744.5329 9725261.8040 0.0000 2.2000 55.4941
271 588744.6929 9725162.9340 0.0000 1.7000 53.5086
272 588751.0829 9725056.2830 0.0000 3.9000 52.4559
273 588751.8629 9724949.7530 0.0000 3.5000 54.9522
274 588760.9129 9724845.2630 0.0000 5.5000 53.2223
275 588763.2129 9724743.8030 0.0000 5.2000 54.1959
276 588763.6729 9724646.3320 0.0000 3.5000 55.8446
277 588766.6729 9724554.3820 0.0000 3.0000 55.5646
280 588770.9029 9724459.1020 0.0000 3.6500 54.4381
281 588775.9429 9724362.7820 0.0000 3.1500 55.3519
282 588779.0429 9724272.7820 0.0000 4.2500 55.1504
283 588846.2932 9725677.8750 0.0000 2.0000 53.6314
284 588847.7331 9725573.2850 0.0000 3.0000 49.1476
285 588849.7631 9725469.5240 0.0000 2.8500 51.8882
286 588850.9931 9725367.5240 0.0000 2.0000 50.5666
287 588849.5831 9725270.7540 0.0000 1.5000 54.3299
288 588848.8531 9725170.5440 0.0000 2.5500 54.2345
289 588853.2531 9725072.0330 0.0000 2.0000 52.0453
290 588852.2831 9724951.1930 0.0000 1.3000 53.0050
291 588856.0031 9724851.8830 0.0000 2.0000 53.0654
292 588865.9431 9724740.9830 0.0000 3.0000 54.7946
293 588865.4931 9724648.7720 0.0000 2.5000 53.8569
294 588867.8431 9724552.7120 0.0000 3.9500 56.1056
295 588904.0532 9724900.1630 0.0000 2.0000 53.0712
296 588874.9031 9724463.4520 0.0000 3.2500 53.7132
297 588880.5631 9724370.4720 0.0000 2.9000 56.2192
298 588882.3331 9724276.2920 0.0000 1.5000 49.3660
299 588928.9934 9725680.6850 0.0000 2.0000 49.9319
300 588950.4434 9725573.4250 0.0000 2.8000 54.0004
301 588946.8834 9725462.2440 0.0000 1.0000 50.1624
302 588949.5934 9725363.4940 0.0000 3.1000 55.7342
303 588952.6434 9725266.1440 0.0000 3.0000 53.7646
304 588955.1134 9725165.8840 0.0000 2.2000 54.8638
305 588957.7434 9725071.4430 0.0000 2.1000 48.5173
306 588954.2733 9724952.0530 0.0000 1.5000 49.8952
307 588954.4733 9724850.0930 0.0000 4.0000 54.7552
308 588952.7633 9724748.5030 0.0000 3.5000 55.3681
309 588963.5933 9724652.3020 0.0000 3.5000 54.7126
310 588966.6833 9724552.8120 0.0000 4.5000 55.4920
311 588975.0434 9724461.0120 0.0000 3.0000 53.8881
312 588923.9332 9724368.8120 0.0000 2.5000 53.5157
313 588981.4634 9724271.2510 0.0000 1.0000 52.2942
314 589014.4635 9725570.7250 0.0000 2.0000 52.1049
315 589055.4636 9725467.3140 0.0000 3.7000 53.6980
316 589054.9336 9725359.8640 0.0000 3.5000 51.8795
317 589055.0536 9725256.1440 0.0000 2.1000 54.8273
318 589056.3136 9725158.6440 0.0000 4.5000 54.9558
319 589057.8236 9725055.6730 0.0000 1.7000 53.8793
320 589054.5836 9724949.6630 0.0000 2.7000 57.8274
321 589049.8936 9724845.4630 0.0000 4.0000 53.0601
322 589052.5236 9724739.1530 0.0000 3.6000 56.4847
323 589063.8436 9724647.3720 0.0000 4.4000 54.0130
324 589065.7836 9724552.8820 0.0000 2.5000 55.7673
325 589076.8036 9724459.2120 0.0000 3.5000 52.5242
326 589080.7936 9724364.1420 0.0000 2.5000 52.8359
327 589082.5736 9724265.3810 0.0000 3.1000 52.2254
328 589161.7539 9725363.6940 0.0000 4.5000 52.6971
329 589160.0239 9725261.9240 0.0000 3.1000 54.5316
330 589163.2539 9725161.3540 0.0000 1.5000 52.9792
331 589159.6438 9725049.9630 0.0000 3.0000 54.4773
332 589156.3838 9724945.3630 0.0000 3.5000 56.3442
333 589157.9138 9724842.7030 0.0000 3.0000 54.7802
334 589161.0238 9724737.7830 0.0000 4.5000 54.8800
335 589172.1638 9724647.3720 0.0000 3.4000 53.5463
336 589184.6838 9724161.2610 0.0000 1.5500 50.6431
337 589186.1438 9723969.5210 0.0000 1.7000 47.6411
338 589173.0038 9724561.8220 0.0000 4.0000 55.1707
339 589178.5538 9724464.7020 0.0000 2.5000 53.9897
340 589178.8638 9724366.1920 0.0000 3.0000 54.0779
341 589177.2838 9724269.7010 0.0000 1.7500 51.2972
342 589269.4341 9725057.4530 0.0000 1.9500 52.4164
343 589260.9341 9724933.7430 0.0000 1.7000 52.4175
344 589269.6141 9724841.6730 0.0000 3.0000 54.3510
345 589280.7342 9725379.6640 0.0000 1.1000 55.6759
346 589277.1841 9725280.0840 0.0000 2.4000 55.0640
347 589276.9841 9725175.6340 0.0000 3.1000 56.5029
348 589275.1941 9724744.4030 0.0000 2.8500 53.1441
349 589273.0441 9724648.8620 0.0000 3.3500 53.0041
350 589275.4441 9724530.5020 0.0000 2.9000 53.8921
351 589280.8441 9724466.8920 0.0000 3.5000 55.9914
352 589282.5941 9724372.7420 0.0000 2.5000 53.1619
353 589286.5141 9724270.5710 0.0000 2.0000 53.3230
354 589370.3843 9724939.9730 0.0000 2.7000 51.6364
355 589386.1643 9724169.0710 0.0000 2.9500 50.0584
357 589399.4945 9725760.6150 0.0000 1.0000 54.1921
359 589405.2345 9725541.0950 0.0000 1.2000 55.2094
360 589407.5945 9725439.7440 0.0000 2.5000 55.6949
361 589391.8744 9725275.6340 0.0000 1.8000 55.1362
362 589389.8044 9725172.5740 0.0000 1.8500 52.9918
363 589383.8544 9725057.3030 0.0000 2.3500 53.5918
364 589378.4644 9724842.8830 0.0000 2.0000 52.6509
365 589383.9244 9724740.1230 0.0000 2.9000 51.4690
366 589377.0243 9724653.2520 0.0000 2.4000 54.6762
367 589375.9343 9724524.8520 0.0000 4.0500 50.0295
368 589379.8043 9724467.9620 0.0000 0.3000 43.3443
369 589385.4043 9724375.7820 0.0000 2.5000 52.1251
370 589387.1843 9724277.5310 0.0000 2.5000 49.8535
371 589444.6046 9725834.3850 0.0000 2.0000 53.6443
372 589476.7347 9725748.7450 0.0000 2.9000 55.3988
373 589486.2647 9725638.9050 0.0000 2.0000 50.2920
374 589493.3647 9725533.2840 0.0000 3.0000 51.3765
375 589488.1047 9725441.7040 0.0000 0.5000 51.8525
376 589490.7847 9725350.0140 0.0000 1.5000 52.6657
377 589487.0646 9725259.7140 0.0000 2.0000 55.1177
378 589487.1546 9725159.4840 0.0000 2.4500 55.0240
379 589485.7246 9725052.3930 0.0000 1.5000 53.5312
380 589479.1846 9724942.9030 0.0000 4.3000 54.0663
381 589481.4546 9724839.9930 0.0000 4.0500 54.5518
382 589479.5146 9724742.4430 0.0000 3.9500 52.8072
383 589476.1746 9724644.1120 0.0000 1.6500 56.6820
384 589476.7046 9724529.8720 0.0000 2.1500 52.0574
385 589480.5246 9724468.7220 0.0000 1.5000 50.8314
386 589486.4346 9724377.4520 0.0000 2.6000 53.6873
387 589486.7846 9724276.9210 0.0000 1.9000 52.5427
390 589583.4949 9725752.8650 0.0000 4.0000 53.7721
391 589585.3949 9725643.0750 0.0000 2.9500 51.7232
392 589582.5449 9725535.6340 0.0000 4.2000 52.7458
393 589580.7549 9725402.1640 0.0000 4.8000 55.6972
394 589587.7249 9725352.9340 0.0000 2.9000 54.3940
395 589581.4949 9725256.2340 0.0000 4.1000 52.7672
396 589578.8949 9725159.8740 0.0000 1.4000 52.4115
397 589577.5148 9725052.9730 0.0000 2.0000 54.2204
398 589586.3449 9724942.3330 0.0000 3.8000 55.2436
399 589577.1748 9724836.5430 0.0000 1.5000 55.0243
400 589578.4148 9724738.7730 0.0000 3.0500 54.7242
401 589576.0648 9724641.5920 0.0000 2.7000 54.4054
402 589577.3148 9724526.8120 0.0000 4.1500 53.0156
403 589579.0648 9724469.2520 0.0000 2.5000 51.5222
404 589588.6648 9724379.4720 0.0000 2.3000 51.9504
405 589589.0748 9724278.3010 0.0000 2.0000 51.4543
406 589669.2751 9724938.4830 0.0000 2.5000 56.2746
407 589673.1651 9725760.8050 0.0000 1.5000 52.7553
408 589676.8151 9725661.6250 0.0000 2.0000 49.3409
409 589675.3151 9725556.7250 0.0000 2.5000 52.1108
410 589670.6351 9725426.5540 0.0000 2.1000 54.4181
411 589671.4551 9725329.0840 0.0000 2.1000 53.8944
412 589674.1751 9725266.3540 0.0000 0.5000 50.7095
413 589677.3151 9725168.0040 0.0000 0.5000 42.9471
414 589672.8151 9725052.1430 0.0000 2.0000 53.4510
415 589671.3651 9724848.5830 0.0000 2.8000 48.9661
416 589672.0150 9724744.9430 0.0000 2.0000 53.9324
417 589681.5551 9724629.3920 0.0000 3.1000 52.9620
418 589684.3251 9724515.7120 0.0000 2.7000 53.7412
419 589684.1151 9724466.4120 0.0000 3.0000 56.1262
420 589687.7351 9724377.2120 0.0000 2.0000 53.9575
421 589698.3751 9724276.9810 0.0000 2.3000 50.0266
422 589756.3053 9725766.1950 0.0000 2.2000 54.0102
423 589765.6354 9725662.9050 0.0000 3.0000 51.9307
424 589764.0953 9725331.3940 0.0000 3.2000 55.8760
425 589764.8153 9725263.7740 0.0000 1.0000 54.7028
426 589770.1153 9725162.4240 0.0000 1.8500 55.6539
427 589770.1053 9724943.5330 0.0000 2.8500 54.7406
428 589770.1253 9724849.5230 0.0000 2.0000 50.7643
429 589769.1553 9724745.1830 0.0000 2.0000 51.5697
430 589787.2753 9724374.9020 0.0000 3.0000 52.1988
433 589775.8754 9725555.8050 0.0000 4.0000 55.3043
434 589770.5053 9725423.7340 0.0000 1.0000 54.6201
435 589773.5053 9725046.2930 0.0000 2.5000 53.1687
436 589781.7753 9724631.3220 0.0000 2.7000 52.3408
437 589780.5853 9724518.2720 0.0000 3.3000 53.9498
438 589784.7953 9724464.4020 0.0000 2.9500 52.5961
439 589791.2453 9724375.4520 0.0000 2.5000 54.3363
440 589791.1653 9724271.5110 0.0000 1.3000 48.5972
441 589854.8756 9725763.6850 0.0000 1.0000 49.3822
442 589862.8656 9725643.0850 0.0000 0.6000 47.1825
443 589865.0056 9725252.9440 0.0000 3.2000 55.7910
444 589869.3855 9725049.6730 0.0000 3.3000 49.7990
445 589868.5255 9724838.6830 0.0000 3.7000 53.8268
446 589873.1256 9725533.6140 0.0000 3.0500 56.1461
447 589878.7356 9725415.8640 0.0000 1.5000 49.4470
448 589871.3556 9725322.8140 0.0000 2.5000 50.6613
449 589871.3956 9725147.8540 0.0000 1.5000 52.4808
450 589871.4455 9724943.1330 0.0000 2.9500 53.6583
451 589866.9355 9724740.6530 0.0000 1.5000 51.3460
452 589882.5755 9724642.5220 0.0000 2.7000 56.8423
453 589887.2755 9724543.3020 0.0000 2.6500 54.8599
454 589881.3855 9724468.0020 0.0000 2.2000 53.9086
455 589885.9955 9724369.9120 0.0000 2.1000 52.2469
456 589887.3355 9724269.4810 0.0000 1.0000 48.7284
457 589969.6358 9725259.6340 0.0000 2.5000 52.7686
458 589965.7857 9724743.7130 0.0000 6.2000 53.4925
461 587651.5901 9723762.5400 0.0000 0.5000 44.0392
462 586651.8677 9723764.3200 0.0000 2.0000 52.6513
463 586846.4982 9723777.4700 0.0000 3.3000 55.4844
464 587005.0586 9723661.5700 0.0000 2.1000 55.0513
466 587022.9786 9723571.9500 0.0000 3.2000 54.4900
467 587031.3486 9723482.1500 0.0000 3.0000 53.3958
468 587042.3586 9723400.2300 0.0000 3.0000 53.9321
469 587043.9386 9723300.6590 0.0000 3.4000 53.2547
470 587044.0786 9723199.6390 0.0000 3.9000 53.8592
471 587043.3086 9723100.4190 0.0000 5.1000 44.2543
472 587126.9989 9723574.1400 0.0000 4.0000 54.6216
473 587130.6289 9723482.6100 0.0000 2.5000 56.2008
474 587142.8389 9723307.7390 0.0000 3.9500 56.2555
475 587204.8391 9723664.8700 0.0000 2.5000 55.9880
476 587221.2491 9723570.8100 0.0000 2.9000 55.1207
477 587228.9291 9723481.9800 0.0000 2.0000 54.4806
478 587235.3391 9723399.1700 0.0000 3.0000 54.1442
479 587237.1691 9723300.7990 0.0000 3.2000 52.3315
480 587237.4791 9723207.4090 0.0000 1.0000 49.7223
481 587330.8393 9723490.3300 0.0000 3.4500 54.6245
482 587386.4495 9723391.0100 0.0000 2.0000 53.1618
483 587392.2995 9723299.4690 0.0000 3.0000 50.7771
484 587452.6497 9723764.3100 0.0000 1.0000 46.2225
485 587407.9295 9723575.7000 0.0000 2.5000 51.4638
486 587417.7596 9723498.8200 0.0000 2.0000 51.6266
487 587517.0798 9723620.2600 0.0000 4.1000 53.6102
488 587474.0597 9723579.3300 0.0000 4.5000 53.4603
489 587494.2697 9723496.7300 0.0000 5.0000 55.7366
490 587495.4097 9723391.9500 0.0000 2.5000 51.3940
491 587497.6097 9723292.9590 0.0000 2.5000 55.0737
492 587581.0700 9723591.6800 0.0000 4.2000 53.0529
493 587584.8900 9723509.2500 0.0000 0.5000 52.4578
494 587787.0605 9723780.1400 0.0000 3.0000 49.1878
495 587788.5904 9723568.8900 0.0000 0.5000 41.3273
498 587976.9209 9723764.3500 0.0000 3.0000 49.5088
499 587983.4409 9723554.7500 0.0000 0.5000 48.5510
500 587987.9009 9723355.2390 0.0000 0.5000 53.7402
502 588186.4014 9723764.1000 0.0000 3.1500 51.8969
503 588191.0614 9723550.4500 0.0000 1.5000 56.1792
505 588182.8914 9723160.0590 0.0000 2.5000 52.7581
506 588188.6013 9722976.1880 0.0000 2.4000 52.3268
507 588386.6819 9723769.1200 0.0000 5.5000 52.7909
508 588388.5519 9723554.7500 0.0000 2.1500 53.4311
509 588383.9518 9723355.3090 0.0000 2.4000 48.2372
510 588384.6218 9723169.8790 0.0000 1.5000 49.1449
511 588385.8118 9722971.1480 0.0000 2.5000 49.4905
512 588382.0618 9722795.6480 0.0000 2.5000 51.4188
513 588592.5724 9723760.7500 0.0000 3.0000 52.4969
514 588586.0323 9723569.1200 0.0000 3.0000 53.6989
515 588585.3723 9723369.7790 0.0000 2.5000 51.3679
516 588585.6023 9723168.8590 0.0000 2.0000 50.5235
517 588584.9423 9722969.2380 0.0000 2.0000 51.8303
518 588585.3223 9722809.6180 0.0000 2.1000 51.7120
519 588785.4828 9723769.6400 0.0000 4.0000 55.1431
520 588785.7628 9723569.0900 0.0000 2.9000 48.7542
521 588786.6328 9723376.1890 0.0000 0.5000 47.8806
522 588781.0028 9723167.3590 0.0000 2.4000 48.6625
525 588992.0833 9723754.4900 0.0000 4.1000 48.1076
526 588984.3333 9723542.6800 0.0000 1.7000 47.5379
527 588984.1633 9723357.9990 0.0000 2.0000 50.3009
530 588981.0032 9722816.5680 0.0000 1.0000 49.3897
531 589186.3538 9723799.7000 0.0000 2.9000 51.7222
532 589187.2338 9723577.1300 0.0000 1.6500 48.1445
533 589185.7238 9723368.9190 0.0000 2.7000 51.2669
534 589186.4337 9723161.9290 0.0000 2.0500 50.7100
535 589178.9437 9722960.9280 0.0000 1.5000 48.8925
536 589382.9243 9723763.9500 0.0000 0.5000 49.6676
537 589384.1543 9723559.6200 0.0000 1.0500 52.4322
538 589383.4742 9723354.7090 0.0000 1.4500 51.8534
539 589383.5842 9723160.2890 0.0000 2.5000 51.5323
540 589376.5042 9722959.7180 0.0000 2.1500 49.6956
542 589583.4547 9723571.6500 0.0000 2.0000 54.7349
543 589586.8747 9723329.8390 0.0000 3.1000 50.7589
544 589578.1547 9723167.6790 0.0000 2.2000 50.5090
545 589793.2452 9723768.6700 0.0000 2.1000 52.1704
547 589779.7452 9723152.9890 0.0000 2.3500 50.8525
549 589982.2957 9723567.5400 0.0000 1.0000 50.5313
550 590257.3966 9725935.1450 0.0000 1.5000 49.8649
551 590349.0968 9725950.8650 0.0000 2.7500 52.2009
552 590417.8769 9726034.1660 0.0000 2.5000 51.9922
553 590457.7070 9725945.3950 0.0000 2.6500 50.7723
554 592000.3508 9726344.7160 0.0000 0.5000 53.1589
555 591997.4507 9726142.3360 0.0000 2.8500 57.6565
556 591989.8707 9725912.6750 0.0000 0.5000 44.0482
560 589977.3159 9725756.7250 0.0000 3.0000 52.0238
561 589977.9259 9725644.4350 0.0000 3.4500 54.0484
562 589976.3358 9725538.7340 0.0000 0.5000 55.1313
563 589990.2359 9725463.4540 0.0000 4.4000 51.6025
564 589976.2358 9725331.6240 0.0000 2.1000 50.6787
565 589983.5458 9725160.2040 0.0000 2.0000 49.9977
566 589984.0558 9725056.1630 0.0000 1.9000 53.3796
567 589983.3358 9724960.8830 0.0000 2.0500 48.4041
568 589980.9558 9724855.8330 0.0000 1.7000 54.7387
569 589982.6958 9724646.0720 0.0000 2.4500 53.0427
570 589987.0758 9724549.0120 0.0000 2.6500 51.4768
571 589978.5458 9724468.6020 0.0000 2.7000 52.4238
572 589979.2557 9724370.7120 0.0000 2.7000 51.0028
573 590098.2262 9725770.4350 0.0000 2.3500 53.8969
574 590101.1562 9725646.9150 0.0000 4.0500 54.6376
575 590098.4961 9725546.3540 0.0000 4.0000 51.6220
576 590103.1561 9725487.0340 0.0000 5.0000 53.6702
577 590084.8161 9725381.2140 0.0000 3.0500 52.7468
578 590079.6561 9725281.8440 0.0000 2.3000 52.2687
579 590086.6361 9725182.4040 0.0000 3.3000 56.3695
580 590088.8161 9725084.6030 0.0000 1.3500 54.2055
581 590097.5461 9724985.2030 0.0000 2.4500 53.6569
582 590091.5661 9724875.9930 0.0000 2.7000 52.0031
583 590079.4260 9724762.9930 0.0000 2.0000 54.2921
584 590083.5460 9724664.8020 0.0000 3.5000 55.4403
585 590086.2360 9724567.3120 0.0000 2.9500 56.7912
586 590085.4460 9724472.5620 0.0000 2.2000 53.6459
587 590126.7962 9725825.7650 0.0000 3.3500 53.2955
588 591974.5806 9725757.3850 0.0000 0.5000 52.5179
589 590257.0165 9725859.0050 0.0000 3.9000 53.2667
590 590248.2665 9725756.0450 0.0000 3.6000 54.0894
591 590238.9465 9725654.9550 0.0000 3.6000 54.0069
592 590248.4065 9725550.1740 0.0000 2.1000 51.0543
593 590255.3365 9725442.5240 0.0000 1.3000 49.2537
594 590244.4865 9725350.3040 0.0000 3.3000 52.5573
595 590236.2864 9725243.3140 0.0000 1.9000 51.9129
596 590239.8264 9725139.4030 0.0000 1.7000 46.5938
597 590242.1464 9725037.9630 0.0000 2.3000 53.7030
598 590241.0664 9724947.2330 0.0000 2.4000 53.4794
599 590247.3364 9724847.1130 0.0000 1.8500 53.5369
600 590231.5064 9724748.0230 0.0000 1.8000 52.8914
601 590228.4164 9724643.0420 0.0000 3.7000 53.2156
602 590232.5864 9724535.2120 0.0000 2.7000 54.5958
603 590238.9364 9724447.6120 0.0000 1.3000 49.9778
604 590238.6664 9724371.6320 0.0000 0.9000 49.6199
605 590240.9364 9724337.5720 0.0000 0.4500 51.0545
606 590240.5864 9724229.2810 0.0000 0.5000 50.1322
607 590237.8363 9724134.9810 0.0000 0.5000 34.4224
608 590276.3864 9724222.9510 0.0000 2.9000 46.8987
609 590300.9765 9724133.3810 0.0000 2.3500 48.1769
610 590352.0068 9725751.6150 0.0000 4.5000 52.1999
611 590338.5667 9725541.8940 0.0000 1.6000 52.9909
612 590343.4667 9725339.2140 0.0000 4.1000 54.7207
613 590336.3067 9725140.1230 0.0000 3.8000 54.7706
614 590338.9067 9724946.7230 0.0000 1.5000 52.6307
615 590335.5966 9724749.9430 0.0000 3.2500 55.0503
616 590335.5066 9724549.7120 0.0000 3.5000 50.0685
617 590339.3566 9724343.7720 0.0000 1.9000 49.8555
618 590341.0066 9724143.5010 0.0000 3.0500 52.2836
620 590424.3169 9725850.8250 0.0000 1.8000 50.9004
621 590452.6570 9725748.5350 0.0000 3.1500 48.4804
622 590421.9069 9725655.0850 0.0000 4.5000 53.1302
623 590431.6969 9725542.1740 0.0000 3.7500 55.0585
624 590453.5170 9725435.8140 0.0000 3.1000 52.6254
625 590439.6269 9725338.6640 0.0000 0.5000 49.2617
626 590290.4265 9724738.0730 0.0000 2.3500 54.4145
627 590431.4769 9725142.2630 0.0000 3.3000 52.6505
628 590436.8669 9725044.3930 0.0000 1.6500 56.5450
629 590437.4969 9724951.3730 0.0000 2.3000 52.0220
630 590433.4769 9724850.3630 0.0000 2.4000 56.3303
631 590433.4769 9724760.9430 0.0000 3.8500 53.0201
632 590429.7468 9724644.2320 0.0000 3.1500 54.1666
633 590436.9269 9724550.0520 0.0000 2.7000 53.8949
634 590438.6869 9724450.9320 0.0000 2.8000 53.8157
635 590439.1168 9724346.3820 0.0000 1.5500 52.0897
636 590447.2569 9724249.9610 0.0000 1.0000 48.8909
638 590451.1868 9724059.6410 0.0000 1.0000 55.1088
640 590550.8472 9725746.3950 0.0000 2.0000 53.6046
641 590536.5372 9725538.7040 0.0000 2.6500 54.4907
642 590537.6872 9725339.0240 0.0000 8.3000 51.9581
643 590528.7771 9725139.6830 0.0000 3.4500 53.5176
644 590532.4171 9724942.4430 0.0000 3.5500 52.6913
645 590530.9571 9724749.5530 0.0000 2.2000 54.0527
646 590539.4971 9724553.2120 0.0000 2.2000 52.0948
647 590539.3471 9724353.7520 0.0000 1.5000 47.5192
648 590548.7971 9724155.8310 0.0000 3.2000 53.8580
649 590547.2971 9723973.5410 0.0000 1.0000 52.2818
650 590619.6074 9725245.3840 0.0000 1.7000 50.4063
651 590635.0274 9725531.6840 0.0000 3.0000 56.7360
652 590650.9774 9725426.6040 0.0000 1.2500 54.9564
653 590637.0174 9725341.1940 0.0000 2.9000 54.7342
654 590626.7774 9725134.5530 0.0000 2.0000 53.6238
655 590627.6974 9725040.9330 0.0000 1.5500 52.7572
656 590629.0274 9724945.2930 0.0000 1.8000 48.3325
657 590628.6773 9724849.2330 0.0000 2.4000 53.3029
658 590630.8173 9724751.7230 0.0000 1.8500 55.1969
659 590632.5873 9724646.2120 0.0000 2.1000 53.6480
660 590640.1473 9724554.6720 0.0000 1.9500 50.7414
661 590641.3873 9724457.9920 0.0000 1.5000 52.5087
662 590644.3273 9724352.1420 0.0000 1.1500 46.9164
663 590648.4073 9724246.6510 0.0000 2.4000 51.4530
664 590649.9573 9724154.9710 0.0000 3.0000 51.8027
665 590656.0973 9724062.8210 0.0000 2.4000 52.8223
666 590647.0373 9723973.7410 0.0000 1.0000 50.4745
667 590726.3276 9725134.7230 0.0000 0.9000 51.6174
668 590729.4076 9724950.4930 0.0000 2.7000 45.2693
669 590731.1976 9724753.4830 0.0000 4.2000 54.1843
670 590736.3176 9724557.5920 0.0000 2.4000 52.0495
671 590743.1976 9724352.0420 0.0000 2.0000 51.4468
672 590748.9376 9724156.1310 0.0000 2.7500 45.4564
673 590750.1776 9723964.6110 0.0000 1.5000 46.9367
674 590833.5178 9725043.1430 0.0000 3.9500 53.3093
675 590829.4078 9724945.6130 0.0000 3.0000 52.4933
676 590834.5278 9724856.7030 0.0000 4.8500 48.7819
677 590833.7578 9724753.8520 0.0000 2.7000 50.7916
678 590834.9178 9724650.4920 0.0000 3.3000 53.2602
679 590867.8479 9724552.7120 0.0000 1.6000 53.9894
680 590842.0678 9724464.5320 0.0000 1.7000 52.2910
681 590850.2178 9724351.7120 0.0000 1.4000 50.8967
682 590854.2978 9724251.6510 0.0000 2.2000 51.3467
683 590850.0878 9724155.6110 0.0000 2.5000 54.0771
684 590850.6278 9724052.7410 0.0000 1.6000 48.5128
685 590844.6878 9723962.7410 0.0000 1.6000 49.7339
686 590924.5581 9724947.2930 0.0000 1.8500 52.2708
687 590933.6981 9724755.0620 0.0000 2.8000 51.9539
688 590966.6881 9724552.8120 0.0000 2.8500 51.4103
689 590947.5781 9724361.3620 0.0000 2.5000 49.5707
690 590950.7780 9724167.7210 0.0000 2.4000 54.5612
691 590945.8080 9723971.2910 0.0000 2.0000 53.6850
692 591030.5583 9724858.4730 0.0000 3.1000 52.1913
693 591030.8383 9724757.5420 0.0000 4.9500 55.1748
694 591050.8883 9724638.7820 0.0000 2.7500 55.1917
695 591036.1883 9724554.7420 0.0000 1.9000 44.9222
696 591048.1283 9724469.7720 0.0000 3.1000 49.7628
697 591048.6183 9724365.5020 0.0000 2.5000 51.0020
698 591055.8883 9724268.3710 0.0000 3.4500 48.5952
699 591047.6183 9724178.9410 0.0000 1.3500 54.2590
700 591049.2883 9724083.1510 0.0000 1.1500 50.8806
701 591040.5882 9723986.2110 0.0000 1.0000 51.7731
702 591136.9685 9724749.4120 0.0000 2.9000 50.7965
703 591138.0785 9724552.4920 0.0000 1.5000 51.4034
704 591154.3786 9724481.7920 0.0000 2.7000 56.6114
705 591152.7385 9724368.9420 0.0000 1.0000 50.7540
706 591149.7685 9724185.9410 0.0000 2.7000 51.7747
707 591243.5588 9724848.3430 0.0000 3.1000 52.6477
708 591242.8988 9724748.8620 0.0000 3.6000 57.2513
709 591237.7588 9724652.9020 0.0000 4.0500 55.5691
710 591243.0688 9724560.6520 0.0000 1.5000 54.1533
711 591254.1988 9724482.9520 0.0000 2.4000 53.5033
712 591257.2188 9724372.0520 0.0000 3.3000 54.2137
713 591255.7888 9724279.4610 0.0000 2.7000 53.5806
714 591247.1088 9724192.5410 0.0000 1.6500 52.1614
715 591246.5887 9724087.6210 0.0000 1.1000 52.5138
716 591348.9391 9724757.0920 0.0000 4.2000 57.0810
717 591350.5590 9724652.2020 0.0000 2.9500 55.3675
718 591354.3690 9724481.7820 0.0000 3.7000 54.8252
719 591359.1590 9724377.2320 0.0000 3.5500 55.9628
720 591351.4790 9724196.0110 0.0000 0.5000 53.8948
721 591444.5193 9724857.5130 0.0000 2.7000 56.7859
722 591443.4393 9724756.8520 0.0000 3.8000 53.0549
723 591445.0093 9724652.7120 0.0000 3.5500 54.6661
724 591444.8193 9724579.9020 0.0000 3.1000 54.5443
726 591457.1893 9724379.9620 0.0000 2.5500 53.6015
727 591454.2193 9724280.5310 0.0000 2.7000 49.8919
728 591453.4793 9724190.3510 0.0000 2.4500 47.1854
729 591455.4892 9724103.2710 0.0000 2.1000 50.7440
730 591442.0392 9724010.8210 0.0000 1.2000 52.4424
731 591538.2795 9724758.3820 0.0000 3.0000 54.4004
732 591542.7695 9724577.0020 0.0000 2.0000 50.7096
733 591548.5295 9724383.5220 0.0000 2.6500 51.8133
734 591547.5295 9724198.5410 0.0000 2.2000 50.8795
735 591541.9094 9724011.4010 0.0000 1.4000 54.4141
736 591541.7094 9723908.2400 0.0000 1.3500 52.3761
737 591637.4798 9724970.0230 0.0000 2.4000 54.4580
738 591636.0497 9724869.1930 0.0000 3.3500 54.3539
739 591637.7497 9724767.4520 0.0000 2.8000 53.4561
740 591641.5397 9724657.0920 0.0000 2.0000 52.3632
741 591655.3298 9724575.2220 0.0000 2.0500 54.2540
742 591645.4297 9724486.1920 0.0000 1.7000 51.1433
743 591648.1597 9724402.2920 0.0000 2.4000 57.0319
744 591648.0797 9724274.1110 0.0000 1.5000 50.2983
745 591639.2697 9724202.5910 0.0000 1.8500 54.6055
746 591648.3897 9724099.1810 0.0000 1.1000 55.2742
747 591643.2397 9724012.7810 0.0000 1.8000 52.7167
748 591735.7600 9724764.7820 0.0000 2.7000 53.1798
749 591753.5000 9724574.3020 0.0000 2.7000 55.2864
750 591749.5100 9724402.5620 0.0000 1.0000 54.0666
751 591749.5700 9724280.5510 0.0000 1.0000 51.9125
752 591737.0999 9724204.9610 0.0000 1.8000 49.5079
753 591749.8200 9724098.1310 0.0000 1.3500 51.5172
754 591829.2702 9724992.1730 0.0000 2.5000 51.8174
755 591826.7702 9724892.7130 0.0000 2.0000 51.9344
756 591832.7702 9724759.1320 0.0000 1.3500 56.8690
757 591836.2302 9724650.8120 0.0000 0.8500 47.7297
758 591837.3502 9724570.7120 0.0000 2.2000 53.6950
759 591841.3402 9724488.0720 0.0000 2.1500 54.7145
760 591849.1502 9724401.9120 0.0000 1.5000 55.8494
761 591849.4802 9724301.4910 0.0000 0.8500 52.1541
762 591929.0704 9724758.4520 0.0000 1.8000 54.0004
763 591930.6604 9724568.1120 0.0000 1.4000 49.9138
764 591950.0705 9724397.8520 0.0000 0.8500 49.7564
765 592185.6311 9725755.9550 0.0000 0.5000 52.7508
767 592177.5611 9725352.4340 0.0000 1.0500 50.6352
768 592176.8611 9725153.9230 0.0000 1.5000 49.0415
769 592185.9011 9724957.4230 0.0000 1.0000 55.3133
770 590647.4873 9723867.5900 0.0000 1.3500 52.5964
771 590150.3960 9722966.0180 0.0000 1.5000 51.3959
772 590174.1261 9723191.1690 0.0000 0.5000 52.0783
773 590180.6761 9723358.2590 0.0000 2.0000 50.5500
774 590156.2961 9723555.1000 0.0000 2.5700 51.8517
775 590147.5461 9723713.7900 0.0000 2.3600 54.4308
776 590305.8264 9722854.2180 0.0000 0.5000 48.5244
777 590349.2165 9722956.2680 0.0000 1.0000 47.0034
778 590343.2665 9723160.5790 0.0000 1.9000 51.6291
780 590345.0065 9723553.7600 0.0000 1.0000 52.1043
782 590537.5369 9722741.0880 0.0000 1.5000 51.0639
783 590541.8670 9722969.4880 0.0000 2.6200 52.1792
786 590546.8770 9723560.9000 0.0000 0.5000 51.2211
788 590747.1774 9722835.2580 0.0000 2.0000 52.7606
789 590753.6175 9722964.6980 0.0000 0.9000 53.5222
792 590756.7975 9723748.8000 0.0000 0.8100 54.5987
793 590969.7279 9722545.0070 0.0000 0.4400 45.4085
794 590942.0679 9722769.2480 0.0000 1.5000 52.6365
795 590953.3379 9722960.6380 0.0000 0.5000 48.0336
806 591947.9604 9724357.8310 0.0000 1.0000 54.2237
807 591952.8405 9724554.5120 0.0000 1.0000 55.0772
808 591961.6005 9724758.9120 0.0000 1.0000 52.0802
809 592154.3309 9724351.5910 0.0000 1.0000 49.4915
810 592147.1209 9724581.3420 0.0000 1.5300 51.3380
811 592155.6510 9724767.2420 0.0000 0.5000 43.4474
824 592555.9519 9724751.1220 0.0000 0.5900 52.1893
825 592552.5419 9724951.3330 0.0000 1.0800 51.9826
826 592559.0120 9725163.7930 0.0000 0.5500 54.3355
827 592572.7620 9725362.5340 0.0000 1.1000 51.5042
828 592555.1120 9725551.8940 0.0000 1.0000 47.0386
829 592553.7620 9725766.5350 0.0000 0.5000 48.4629
837 592756.5925 9725149.4630 0.0000 1.4000 51.8087
838 592755.2325 9725351.9440 0.0000 0.7500 52.1385
839 592763.4825 9725557.8540 0.0000 1.0000 48.3882
840 592746.0325 9725756.3650 0.0000 1.0000 51.8204
862 592954.9729 9725164.0330 0.0000 1.1000 49.8678
863 592950.7029 9725358.2940 0.0000 1.0000 50.4018
864 592952.2330 9725558.5840 0.0000 2.1000 54.0956
865 592949.0330 9725760.5450 0.0000 0.7400 49.1160
887 593151.4134 9725354.0640 0.0000 0.5000 52.8624
888 593144.7134 9725562.7340 0.0000 1.0000 51.4012
889 593146.6434 9725760.5650 0.0000 1.7000 51.9353
913 593345.9139 9725762.5650 0.0000 1.0000 53.2707
934 593554.6844 9725765.8450 0.0000 1.0000 53.5743
1164 592296.9713 9725010.8530 0.0000 1.6000 54.6702
1165 592292.1213 9725142.1630 0.0000 1.0000 47.4415
1166 592283.5713 9725358.7240 0.0000 1.1000 50.7981
1170 592298.8214 9726139.3260 0.0000 0.5000 45.0988
1172 592006.1108 9726535.8270 0.0000 2.1500 54.4764
1175 591987.0308 9726701.5470 0.0000 0.5000 47.6416
1176 592188.6212 9726730.7770 0.0000 2.0400 50.3483
1177 592324.1116 9726735.1870 0.0000 1.5200 49.1137
1366 584954.2138 9724563.9530 0.0000 1.5000 51.0923
1367 584946.1538 9724767.2930 0.0000 2.7000 53.0153
1368 584951.7238 9724960.6940 0.0000 1.0000 49.0053
1369 585140.5242 9724564.7130 0.0000 1.5000 51.3821
1370 585154.0643 9724763.7030 0.0000 1.5500 49.3033
1371 585147.9143 9724963.4530 0.0000 2.5000 55.2228
1372 585153.0443 9725162.3640 0.0000 0.5000 51.8776
1373 585405.6948 9724451.6820 0.0000 1.9300 52.7809
1374 585352.7247 9724559.9730 0.0000 2.1000 50.0244
1375 585338.0847 9724760.5630 0.0000 2.6600 54.8304
1376 585346.0547 9724963.7830 0.0000 2.0000 53.6359
1377 585348.4448 9725166.8740 0.0000 0.5000 51.7826
1378 585549.4652 9724364.2720 0.0000 1.4200 48.6267
1379 585545.9652 9724561.2620 0.0000 2.8000 54.1016
1380 585547.2952 9724763.7930 0.0000 4.2800 52.8347
1381 585546.4952 9724964.0630 0.0000 4.3500 50.2415
1382 585740.2756 9724361.4820 0.0000 1.5000 53.7508
1383 585745.0656 9724558.0720 0.0000 2.0400 51.9607
1384 585749.9057 9724786.7930 0.0000 4.7600 55.0293
1385 585745.0657 9724966.0430 0.0000 1.9000 50.5742
1386 585950.1561 9724357.8820 0.0000 1.1700 56.1312
1387 585942.9661 9724553.2820 0.0000 4.9400 54.9887
1388 585959.6962 9724754.8630 0.0000 2.1900 52.0027
1389 585941.2262 9724956.6230 0.0000 1.5000 54.4192
1390 586157.4666 9724156.6510 0.0000 2.5000 54.5485
1391 586156.2666 9724343.3420 0.0000 0.9000 56.1901
1392 586153.6766 9724557.3820 0.0000 2.6000 57.1010
1393 586147.0566 9724755.6930 0.0000 0.9400 52.8055
1394 586148.2166 9723975.8210 0.0000 2.3300 54.2705
1395 586342.1270 9723346.7500 0.0000 2.5500 51.6435
1396 586357.5770 9723539.4500 0.0000 2.5000 49.1068
1397 586344.1770 9723763.0110 0.0000 3.5000 52.9119
1398 586349.6970 9723961.4210 0.0000 1.9500 51.6307
1399 586344.7170 9724147.9510 0.0000 3.0300 51.6741
1400 586344.8871 9724361.8320 0.0000 2.5000 57.2754
1401 586321.4570 9724561.5420 0.0000 2.0000 54.7991
1402 586346.2871 9724753.4730 0.0000 2.6000 54.5932
1403 586553.7275 9723158.5990 0.0000 2.7000 52.2846
1404 586554.7775 9723364.4100 0.0000 1.5000 52.6790
1405 586534.7974 9723547.9800 0.0000 1.5300 53.8214
1406 586537.1375 9723744.4700 0.0000 3.3000 49.5604
1407 586549.5175 9723964.2110 0.0000 1.8300 53.1969
1408 586562.7676 9724153.3210 0.0000 2.8400 54.1543
1409 586558.4576 9724337.1820 0.0000 3.0000 56.3533
1410 586583.2876 9724539.8920 0.0000 1.3300 56.2614
1411 586576.0977 9724748.6330 0.0000 1.9000 53.3242
1412 586206.8767 9723759.6610 0.0000 1.5000 51.4152
1413 586182.0966 9723523.8600 0.0000 2.0000 50.7140
1414 584755.9433 9724957.4040 0.0000 0.5000 53.3429
1415 584826.1035 9724764.5130 0.0000 3.3000 52.0268
1416 584948.5638 9725107.1240 0.0000 1.5000 51.7566
1426 586882.0283 9723833.3210 0.0000 2.0000 55.3729
1427 586882.5083 9723881.7210 0.0000 1.4000 54.1212
1428 586882.9983 9723931.6910 0.0000 1.5000 54.7593
1429 586884.1783 9723981.0210 0.0000 2.0000 54.1233
1430 586856.9182 9723856.8110 0.0000 1.6500 50.7423
1431 586858.1483 9723906.1410 0.0000 2.1500 53.7560
1432 586857.3483 9723956.8110 0.0000 2.5000 54.0778
1433 586732.8379 9723832.3410 0.0000 2.3000 54.8240
1434 586733.4079 9723857.0310 0.0000 2.2500 51.8863
1435 586732.3279 9723882.6810 0.0000 2.4500 52.1347
1436 586733.8180 9723907.8910 0.0000 1.4000 52.4903
1437 586733.6180 9723933.3510 0.0000 1.0500 51.4355
1438 586733.8680 9723957.4610 0.0000 0.5000 49.0205
1439 586735.0080 9723982.8810 0.0000 2.0000 54.1403
1440 586706.9479 9723831.6310 0.0000 2.9000 54.9848
1441 586706.9279 9723857.7310 0.0000 3.1000 55.6145
1442 586707.4579 9723882.3510 0.0000 2.1000 51.1303
1443 586708.2279 9723907.1310 0.0000 1.9000 55.2281
1444 586709.3379 9723932.8410 0.0000 1.4000 54.8438
1445 586706.6879 9723957.5610 0.0000 0.5000 52.5624
1446 586708.1379 9723982.3210 0.0000 0.8000 53.0136
1447 586682.5678 9723932.2110 0.0000 1.4000 53.5223
1448 586681.0778 9723957.6710 0.0000 1.8500 52.9708
1449 586682.6178 9723983.0710 0.0000 1.7500 54.9334
1450 586882.8883 9724031.9010 0.0000 2.0000 53.6366
1451 586883.0083 9724082.6810 0.0000 4.4000 54.8277
1452 586882.9583 9724131.3310 0.0000 2.5000 56.0144
1453 586883.8483 9724183.7710 0.0000 4.5500 54.0192
1454 586857.3083 9724006.0310 0.0000 1.8000 54.0742
1455 586858.7983 9724058.7110 0.0000 2.0000 52.6111
1456 586858.1283 9724106.4910 0.0000 2.0000 54.0745
1457 586858.8183 9724156.6010 0.0000 2.4500 53.4250
1458 594624.0771 9726733.1170 0.0000 2.0500 44.9684
1459 586734.3080 9724007.2810 0.0000 2.5000 54.5848
1460 586734.0780 9724032.7310 0.0000 2.4000 52.8106
1461 586735.6180 9724057.5710 0.0000 2.5000 54.8004
1462 586734.4780 9724082.5510 0.0000 2.8500 53.7435
1463 586734.7080 9724107.6610 0.0000 2.5000 52.2192
1464 586707.5479 9724007.5210 0.0000 2.1000 56.0139
1465 586705.9579 9724032.2410 0.0000 2.0000 55.9389
1466 586706.3579 9724056.5510 0.0000 2.5000 52.1496
1467 586705.5679 9724083.3710 0.0000 3.0000 54.4830
1468 586704.8279 9724106.8310 0.0000 2.0000 53.4335
1469 586706.3079 9724132.2610 0.0000 3.3000 55.2392
1470 586704.3679 9724157.0210 0.0000 5.0500 53.4331
1471 586682.2578 9724008.5610 0.0000 2.5000 52.8674
1472 586681.8178 9724057.9110 0.0000 3.0000 54.0099
1473 586680.8478 9724106.8610 0.0000 2.5000 53.9792
1474 586680.5378 9724157.7010 0.0000 4.1000 53.8175
1475 586680.6679 9724181.9710 0.0000 3.3000 56.8841
1476 586884.3283 9724232.2320 0.0000 4.0000 53.3897
1477 586883.0683 9724281.3120 0.0000 3.5000 53.4286
1478 586882.2883 9724330.8920 0.0000 3.5000 54.6211
1479 586884.0284 9724383.7320 0.0000 4.3500 56.3125
1480 586855.4983 9724306.7120 0.0000 4.0000 54.3438
1481 586730.6180 9724230.8420 0.0000 2.7000 56.2983
1482 586730.8380 9724280.7920 0.0000 4.3000 52.1181
1483 586730.4980 9724331.4520 0.0000 1.7000 53.1233
1484 586730.6780 9724380.5620 0.0000 2.0000 54.1000
1485 586704.5079 9724206.7720 0.0000 4.0000 54.5657
1486 586705.9679 9724256.0920 0.0000 4.5000 54.4955
1487 586704.8779 9724305.7020 0.0000 2.8500 52.6458
1488 586704.8479 9724356.4420 0.0000 3.8000 55.1514
1489 586681.3379 9724231.8820 0.0000 3.5000 56.2043
1490 586681.8079 9724282.3720 0.0000 2.0000 47.2766
1491 586681.9179 9724331.8320 0.0000 1.4000 50.1526
1492 586681.9979 9724382.0020 0.0000 2.5000 54.1949
1493 586883.9284 9724430.4820 0.0000 2.3000 53.6477
1494 586882.6984 9724483.8720 0.0000 1.6000 52.4737
1495 586883.7384 9724532.5020 0.0000 2.1500 54.2883
1496 586857.5883 9724456.1020 0.0000 1.5000 52.8458
1497 594497.7768 9726759.7570 0.0000 1.8000 47.8044
1498 594422.4266 9726758.8270 0.0000 1.7000 49.8151
1499 594547.8669 9726735.5870 0.0000 1.6500 39.5620
1500 594473.4667 9726727.4670 0.0000 2.3000 47.5125
1502 594474.1967 9726705.5870 0.0000 5.0500 53.7125
1503 594448.9466 9726677.4970 0.0000 1.2000 50.0782
1504 594373.8665 9726677.4270 0.0000 1.5500 47.6669
1505 586730.4880 9724431.1320 0.0000 1.5000 54.9277
1506 586731.7580 9724480.8220 0.0000 3.5000 54.8993
1507 586705.3879 9724407.8920 0.0000 2.6000 53.9315
1508 586705.1979 9724457.4320 0.0000 1.8000 56.2639
1509 586704.7879 9724506.6620 0.0000 2.0000 56.3127
1510 586682.1379 9724431.9920 0.0000 2.0000 54.4349
1511 586681.7679 9724483.0420 0.0000 1.6000 55.7055
1512 586681.8779 9724509.8320 0.0000 3.5000 57.1551
1513 587187.2890 9723721.3900 0.0000 0.9000 49.5550
1514 587162.3390 9723696.7400 0.0000 1.6500 55.1517
1515 587162.0090 9723722.4500 0.0000 1.0500 52.7558
1516 587162.6790 9723746.1100 0.0000 0.6000 47.9377
1517 587162.1890 9723772.6100 0.0000 1.2000 48.8986
1518 587136.2689 9723697.9400 0.0000 1.5000 53.1709
1519 587137.7689 9723722.3600 0.0000 1.5500 50.9942
1520 587136.9389 9723748.3100 0.0000 1.4000 55.0288
1521 587136.0489 9723771.8400 0.0000 1.5000 49.4387
1522 587111.5488 9723698.2300 0.0000 1.5000 52.3744
1523 587110.7188 9723746.2400 0.0000 0.5000 48.1804
1524 594324.1463 9726704.3670 0.0000 1.0000 49.2047
1525 594249.0762 9726703.6570 0.0000 1.8000 46.8088
1526 594299.1263 9726677.9070 0.0000 3.0000 51.0674
1527 594321.5063 9726652.3070 0.0000 2.1000 50.8427
1528 594248.7062 9726650.8170 0.0000 1.1500 44.1607
1529 594175.2660 9726652.5870 0.0000 1.1000 53.8653
1530 594299.3463 9726627.8870 0.0000 2.4500 50.5829
1531 590678.7976 9726400.5260 0.0000 1.3000 54.3564
1532 590687.7476 9726373.3560 0.0000 1.5000 51.6758
1533 590703.8877 9726405.1160 0.0000 1.5000 55.4126
1534 590711.8277 9726381.4060 0.0000 1.9500 54.5090
1535 590722.5877 9726435.5470 0.0000 2.4000 52.7266
1536 590729.9577 9726413.9260 0.0000 2.0000 55.5477
1537 590737.5077 9726389.8260 0.0000 2.1500 54.9296
1538 590751.1978 9726420.9070 0.0000 2.0000 55.7776
1539 590759.3278 9726397.0260 0.0000 2.5000 56.2776
1540 590774.6678 9726428.9070 0.0000 2.1000 52.0168
1541 590781.9178 9726405.0060 0.0000 2.3000 54.8959
1542 590806.9279 9726409.6260 0.0000 3.2000 53.5052
1543 590830.6680 9726421.3370 0.0000 3.1500 55.3037
1544 594074.4457 9726629.4770 0.0000 3.1000 52.1127
1545 594024.1156 9726602.6870 0.0000 1.3000 50.2645
1546 590553.6673 9726301.9460 0.0000 1.5000 52.0764
1547 590569.0173 9726254.6360 0.0000 1.5000 51.4443
1548 590586.0074 9726207.8360 0.0000 3.5000 54.5192
1549 590600.7674 9726161.4160 0.0000 2.4000 55.6758
1550 590584.7474 9726287.3060 0.0000 2.5000 52.8314
1551 590600.9274 9726240.4760 0.0000 1.0000 52.3626
1552 590616.6874 9726193.3060 0.0000 3.0000 53.3117
1553 590634.0975 9726146.2560 0.0000 1.9500 53.4665
1554 590618.5974 9726270.2260 0.0000 1.5000 48.8907
1555 590634.3575 9726221.1060 0.0000 2.6500 54.2401
1556 590647.8975 9726175.1960 0.0000 1.5000 55.2153
1558 590647.7675 9726255.3260 0.0000 1.8500 48.4034
1559 590663.7575 9726207.6460 0.0000 1.0000 52.7404
1560 590680.5676 9726158.4960 0.0000 1.9500 54.1744
1561 590696.2776 9726349.8560 0.0000 2.0000 54.0548
1562 590719.7677 9726357.6960 0.0000 2.5000 54.1242
1563 590742.4377 9726365.9760 0.0000 2.5000 55.7793
1564 590766.9978 9726373.5360 0.0000 1.5500 55.0715
1565 590790.2479 9726381.4060 0.0000 2.4500 52.8545
1566 590812.2579 9726388.9360 0.0000 1.5000 51.1990
1567 590836.9880 9726394.8460 0.0000 1.9000 52.1768
1568 590853.5180 9726350.2760 0.0000 1.5000 52.7245
1569 590870.0080 9726302.2160 0.0000 3.9000 52.6666
1570 590885.5681 9726254.0860 0.0000 2.6000 52.9679
1571 590871.9981 9726379.8660 0.0000 4.4000 57.0689
1572 590888.4981 9726330.5560 0.0000 2.7500 55.3514
1574 593822.8451 9726677.5570 0.0000 1.2000 49.1560
1575 593924.3054 9726653.1770 0.0000 1.0000 50.3100
1576 590663.9775 9726051.0360 0.0000 2.3000 56.2232
1577 590681.2376 9726003.6460 0.0000 1.2000 47.4687
1578 590697.5076 9725955.7950 0.0000 0.8000 50.4170
1579 590680.5176 9726081.2160 0.0000 2.1000 53.6226
1580 590696.3976 9726033.1060 0.0000 3.0500 54.5199
1581 590713.4276 9725987.0550 0.0000 1.5000 52.6374
1582 590727.9377 9725939.0150 0.0000 3.0000 53.3511
1583 590714.1477 9726062.2160 0.0000 2.0000 49.2605
1584 590727.8377 9726017.2660 0.0000 1.8000 55.0128
1585 590743.3677 9725970.4250 0.0000 2.1500 49.2572
1586 590723.9877 9726097.4860 0.0000 1.9000 54.1769
1587 590743.3177 9726049.0660 0.0000 3.9500 53.8510
1588 590759.2878 9726001.6160 0.0000 1.5500 55.9438
1589 590775.9378 9725954.7350 0.0000 2.8000 53.9611
1590 593699.8048 9726674.6770 0.0000 1.4000 48.5830
1591 593649.7947 9726675.8070 0.0000 2.6500 36.2436
1592 593599.7446 9726676.3570 0.0000 2.1000 50.8528
1593 590687.7376 9725821.7550 0.0000 4.0500 53.7459
1594 590704.5376 9725774.6250 0.0000 4.7500 52.5828
1595 590689.0676 9725879.4250 0.0000 1.6000 51.2513
1596 590707.1376 9725833.6750 0.0000 1.5000 49.6443
1597 590722.9776 9725786.1950 0.0000 3.5000 53.1825
1598 590725.5377 9725868.0450 0.0000 3.0500 53.4054
1599 590751.8877 9725814.4650 0.0000 2.0000 52.5090
1600 593399.9341 9726679.4270 0.0000 4.3500 53.8532
1601 593399.9141 9726653.9970 0.0000 2.1000 50.6482
1602 590720.9176 9725726.7550 0.0000 3.7500 54.1913
1603 587631.7002 9724636.8220 0.0000 5.4000 57.7021
1604 587655.8002 9724566.1420 0.0000 4.7000 51.6919
1605 587670.1702 9724520.7020 0.0000 2.5000 52.0366
1606 590152.0963 9725454.9840 0.0000 2.7000 56.6563
1607 590159.7263 9725431.9240 0.0000 2.5000 53.8078
1608 590167.7463 9725408.9140 0.0000 2.5500 53.3568
1609 590173.9963 9725385.9540 0.0000 2.5000 50.9886
1610 590180.4963 9725361.5540 0.0000 2.0000 51.3643
1611 590192.2963 9725336.8540 0.0000 3.5000 55.2246
1612 590177.9563 9725461.9040 0.0000 1.5000 59.7211
1613 590185.6463 9725439.6740 0.0000 2.3000 53.9877
1614 590193.8264 9725416.6040 0.0000 1.8000 50.3756
1615 590202.0564 9725392.2540 0.0000 2.6000 51.5805
1616 590209.1164 9725368.3540 0.0000 2.6500 52.2665
1617 590216.8164 9725344.0340 0.0000 3.8000 54.0623
1618 590744.0677 9725655.0250 0.0000 2.0000 53.6959
1619 590759.9177 9725606.5950 0.0000 1.5000 52.5907
1620 590775.5078 9725560.0440 0.0000 1.0000 52.9912
1621 590876.4380 9725745.5050 0.0000 2.5500 52.4709
1622 590892.3480 9725698.5550 0.0000 2.5500 53.7470
1623 590907.6981 9725651.1750 0.0000 2.7500 54.6249
1624 590923.2381 9725603.3750 0.0000 1.9500 53.5285
1625 590903.0981 9725732.8650 0.0000 1.6000 52.1760
1626 590918.0381 9725686.0350 0.0000 1.0000 46.4661
1627 590933.9181 9725638.1450 0.0000 1.9500 54.2825
1628 590949.7282 9725591.9050 0.0000 3.7500 50.5732
1629 587684.7803 9724472.4520 0.0000 3.4500 56.7393
1630 587702.2403 9724423.6120 0.0000 2.3000 53.9762
1631 587717.1603 9724377.2320 0.0000 2.0000 57.9788
1632 587725.0204 9724353.3920 0.0000 2.7000 52.4140
1633 587731.9904 9724335.1720 0.0000 2.9500 53.8905
1634 590201.2764 9725313.0040 0.0000 3.5000 54.6568
1635 590216.8564 9725264.8740 0.0000 1.5000 52.1560
1636 590225.5164 9725242.2940 0.0000 2.0000 50.3767
1637 590231.3064 9725220.7340 0.0000 2.0500 53.7139
1638 590238.0764 9725194.7840 0.0000 1.5000 51.2623
1639 590243.9365 9725173.7040 0.0000 0.5000 47.7263
1640 590224.9864 9725320.9340 0.0000 3.9000 55.1712
1641 590232.9264 9725297.2340 0.0000 3.8500 52.5559
1642 590240.8565 9725273.5240 0.0000 1.5000 56.6547
1643 590248.7965 9725249.8140 0.0000 2.2000 51.5456
1644 590357.2367 9725312.1240 0.0000 1.1500 47.4694
1645 590375.1668 9725267.6540 0.0000 1.5000 55.6761
1646 590391.7768 9725220.4040 0.0000 2.3000 52.8672
1647 590838.6879 9725371.3340 0.0000 0.5000 46.6402
1648 590939.6881 9725556.4840 0.0000 2.7500 51.7608
1649 590955.1982 9725509.2340 0.0000 2.5500 54.4125
1650 590970.9682 9725461.5040 0.0000 2.0500 51.7371
1651 590986.4282 9725413.3340 0.0000 1.4500 50.6459
1652 590964.8682 9725545.1740 0.0000 3.2000 51.8826
1653 590980.4282 9725498.7040 0.0000 3.0500 53.8170
1654 590995.9783 9725452.2440 0.0000 2.5500 51.7982
1655 587742.8104 9724306.3720 0.0000 1.5500 52.6170
1656 590421.7269 9725204.7540 0.0000 2.5500 54.3686
1657 587749.6304 9724283.1320 0.0000 1.8000 50.6518
1658 587756.7504 9724258.7720 0.0000 1.7000 55.2823
1659 587764.7204 9724234.6220 0.0000 1.9000 54.2784
1660 587772.5405 9724211.4810 0.0000 1.9500 52.1480
1661 587779.7005 9724185.9110 0.0000 2.3500 55.8931
1662 587788.0705 9724160.2710 0.0000 2.0500 50.9240
1663 587797.2905 9724138.2510 0.0000 1.8000 53.1848
1664 587780.5505 9724266.4720 0.0000 1.6000 53.5690
1665 587788.4605 9724243.5120 0.0000 2.0500 53.1115
1666 587796.1905 9724220.6810 0.0000 1.2000 52.2955
1667 587804.9605 9724195.7010 0.0000 2.0000 51.7949
1668 587813.3006 9724171.2710 0.0000 1.3000 56.4931
1669 587819.5306 9724147.2510 0.0000 2.3000 52.6014
1670 587924.7708 9724235.7420 0.0000 3.0500 52.5138
1671 587948.0909 9724243.8620 0.0000 3.0000 55.8594
1672 587956.5909 9724219.6110 0.0000 3.0000 52.8830
1674 587979.6010 9724227.5910 0.0000 3.0500 56.5894
1675 587987.5010 9724204.1710 0.0000 2.5000 54.1935
1676 588341.7618 9724480.4420 0.0000 3.7000 55.7372
1677 588349.1919 9724459.1320 0.0000 2.2000 54.6128
1678 588361.9019 9724434.2220 0.0000 3.1500 51.6983
1679 588369.3919 9724411.4820 0.0000 2.7000 52.7913
1680 588376.0019 9724386.5220 0.0000 3.7000 51.0012
1681 588383.9919 9724363.9520 0.0000 1.5000 50.5036
1682 588390.9420 9724341.3320 0.0000 1.4000 53.5721
1683 588368.4320 9724482.6320 0.0000 3.4500 52.5212
1684 588375.9619 9724452.7620 0.0000 2.3000 48.9299
1685 588382.8619 9724437.9220 0.0000 2.4500 52.0964
1686 588389.4420 9724416.1020 0.0000 2.4000 51.8358
1687 588398.5820 9724393.9320 0.0000 1.6000 55.4045
1688 588404.9820 9724370.2220 0.0000 1.8000 53.7779
1689 588415.4820 9724350.2720 0.0000 2.1000 54.3026
1690 590366.2167 9725128.6830 0.0000 1.5000 48.5290
1691 590372.5968 9725108.5030 0.0000 1.0000 48.1881
1692 590378.8268 9725082.9430 0.0000 2.6000 54.1465
1693 590396.5568 9725036.3030 0.0000 1.5000 53.4270
1694 590403.5568 9725013.0630 0.0000 2.0000 55.8049
1695 590390.5568 9725136.7930 0.0000 1.4000 51.1459
1696 590398.0368 9725118.1030 0.0000 1.3500 52.3393
1697 590400.6468 9725091.7530 0.0000 1.0000 53.2373
1698 590410.2768 9725067.5030 0.0000 1.8500 55.5464
1699 590419.5869 9725045.0030 0.0000 3.0500 55.9694
1700 590430.3169 9725019.0530 0.0000 2.6000 53.2993
1701 590412.8769 9725146.7030 0.0000 1.4000 52.8222
1702 590420.5369 9725126.5430 0.0000 2.5000 52.6688
1703 590431.3569 9725102.3830 0.0000 1.0000 49.0906
1704 590436.8769 9725073.0730 0.0000 2.9000 55.1357
1705 590445.8469 9725049.7730 0.0000 2.2500 50.8373
1706 590452.8269 9725028.1130 0.0000 2.5000 56.1959
1707 591021.3483 9725378.1540 0.0000 2.1500 55.6591
1708 591053.8384 9725282.7040 0.0000 3.4000 54.8789
1709 592749.0826 9726728.4570 0.0000 2.5000 51.0081
1710 592848.8228 9726702.2870 0.0000 1.5000 51.4396
1711 592750.2026 9726703.5070 0.0000 2.0000 51.2666
1712 592698.8025 9726703.5570 0.0000 2.0000 52.3726
1713 592752.1326 9726678.1770 0.0000 1.9000 51.1701
1714 592849.2728 9726627.5270 0.0000 2.0000 55.0706
1715 592698.3424 9726626.8270 0.0000 3.2000 51.8832
1716 587765.8504 9723997.7710 0.0000 2.3000 53.0123
1717 587773.8204 9723973.9710 0.0000 2.8000 54.1220
1718 587805.6505 9724114.8310 0.0000 2.0000 50.2070
1719 587813.8906 9724093.3910 0.0000 1.7000 53.4778
1720 587830.8706 9724045.3310 0.0000 2.5500 54.6999
1721 587838.9606 9724021.0810 0.0000 2.0000 52.4465
1722 587845.2206 9723998.3610 0.0000 2.7000 53.7986
1723 587855.1106 9723975.7810 0.0000 2.6000 52.6215
1724 587847.1306 9724078.4810 0.0000 1.4000 51.5676
1725 587856.4206 9724054.2610 0.0000 3.8000 53.2455
1726 587867.8507 9724029.1610 0.0000 3.3000 49.9362
1727 587996.6110 9724179.3910 0.0000 1.5000 53.6814
1728 588002.5310 9724156.3810 0.0000 1.5000 50.5981
1729 588104.7513 9724164.1410 0.0000 1.5600 53.0149
1730 588114.6313 9724139.9110 0.0000 0.9300 50.2847
1731 588124.2613 9724118.3310 0.0000 1.4100 51.4820
1732 588131.4313 9724094.6510 0.0000 0.8900 53.2101
1733 588138.6913 9724072.2910 0.0000 1.7300 51.7502
1734 588128.6513 9724171.5310 0.0000 1.4700 51.8332
1735 588135.2513 9724146.8710 0.0000 1.4200 54.5498
1737 588150.0614 9724099.9310 0.0000 0.3900 46.8680
1738 588157.7614 9724076.4810 0.0000 2.2000 52.1850
1739 588152.8314 9724178.9210 0.0000 1.8000 54.5099
1740 588160.6914 9724157.2510 0.0000 1.4500 51.4591
1741 588166.4914 9724131.8310 0.0000 1.5000 50.5697
1742 588176.6414 9724106.8410 0.0000 2.9000 51.6339
1744 588180.3014 9724186.1610 0.0000 2.1000 54.4044
1745 588192.4415 9724138.0110 0.0000 2.0900 54.3754
1746 588201.5915 9724116.2210 0.0000 2.8000 52.7119
1747 588208.7215 9724093.0510 0.0000 2.6000 53.5464
1748 588398.9920 9724316.3020 0.0000 1.5000 52.4907
1749 588405.9620 9724292.9920 0.0000 1.7000 47.5394
1750 588414.1020 9724269.3620 0.0000 1.9000 48.5552
1752 588430.0220 9724219.3710 0.0000 2.0000 53.0874
1753 588437.1220 9724197.4810 0.0000 2.4500 50.1491
1754 588445.3021 9724173.6710 0.0000 4.6500 49.2242
1756 588430.6020 9724297.5620 0.0000 2.3500 52.0121
1757 588437.4321 9724275.1520 0.0000 3.5000 48.2542
1759 588453.2121 9724223.4110 0.0000 2.6500 49.1777
1760 588459.3521 9724205.0910 0.0000 2.2500 52.8086
1761 588467.2521 9724181.3610 0.0000 3.1500 52.1732
1762 590410.7568 9724987.8330 0.0000 3.4500 53.0318
1763 590420.2469 9724964.4230 0.0000 3.1500 52.7674
1764 590426.5669 9724942.4030 0.0000 2.8500 50.1114
1765 590434.1669 9724918.5830 0.0000 1.3000 47.7381
1766 590443.0669 9724894.2030 0.0000 1.8000 54.0042
1767 590454.2369 9724866.0030 0.0000 2.2000 51.6672
1768 590463.2569 9724847.7030 0.0000 1.9500 51.0841
1769 590437.1269 9724996.6430 0.0000 2.0000 50.6377
1770 590447.1069 9724971.5430 0.0000 2.5000 50.8931
1771 590456.0169 9724950.9630 0.0000 0.5000 45.8717
1772 590458.8069 9724927.6330 0.0000 2.1000 48.6728
1773 590467.0570 9724904.8030 0.0000 2.7500 51.7312
1774 590476.0370 9724878.8230 0.0000 2.6500 51.5045
1775 590482.4670 9724854.4930 0.0000 2.0000 52.3524
1776 590459.9370 9725005.5230 0.0000 1.0000 50.4775
1777 590467.4170 9724983.3630 0.0000 2.9500 49.5547
1778 590475.1670 9724957.2030 0.0000 1.8500 49.2457
1779 590485.6770 9724934.0130 0.0000 1.8500 53.0339
1780 590494.7970 9724906.1430 0.0000 2.6000 50.5304
1781 590498.6370 9724885.3030 0.0000 2.8500 52.4824
1782 590506.4870 9724860.0230 0.0000 2.1500 55.1263
1783 590894.0980 9725124.8130 0.0000 1.8000 53.3900
1784 590926.4581 9725030.4630 0.0000 1.5000 48.2059
1785 590912.2680 9725154.0530 0.0000 2.5000 53.5134
1786 590926.3581 9725108.5930 0.0000 2.0000 51.2472
1787 590942.4281 9725062.1930 0.0000 1.4500 50.4785
1788 590958.1481 9725015.8630 0.0000 1.3000 50.1946
1789 590960.0682 9725093.1930 0.0000 2.0000 54.0143
1790 590968.7382 9725069.9830 0.0000 2.2000 53.7077
1791 590975.6782 9725049.7630 0.0000 1.0500 53.8572
1792 590982.9782 9725024.9430 0.0000 4.3000 53.7961
1793 592499.2620 9726778.0370 0.0000 2.1000 54.5289
1794 592649.3423 9726752.6070 0.0000 2.1000 52.9491
1795 592599.5822 9726752.8370 0.0000 4.0000 51.4037
1796 592499.3220 9726752.7170 0.0000 3.6000 55.3523
1797 592649.4823 9726727.2670 0.0000 3.1000 54.4890
1798 592600.2122 9726727.6970 0.0000 2.7000 53.6423
1799 592548.6921 9726728.8170 0.0000 2.0000 56.2476
1800 592449.0819 9726728.3970 0.0000 1.6000 50.9311
1801 592649.0923 9726702.1070 0.0000 2.1000 54.6052
1802 587861.0807 9723951.4310 0.0000 2.1000 53.6933
1803 588142.4213 9724047.0710 0.0000 3.6500 51.2010
1804 588166.5714 9724052.8210 0.0000 4.4000 53.6485
1805 588192.7615 9724060.7910 0.0000 2.0000 52.3751
1806 588216.4215 9724068.5610 0.0000 3.5000 54.3039
1807 588453.1921 9724150.1510 0.0000 4.0000 53.3416
1808 588478.9421 9724158.2010 0.0000 2.4000 55.5789
1809 590468.5970 9724821.8530 0.0000 2.5000 53.5407
1810 590490.9370 9724831.4630 0.0000 2.4500 55.1928
1811 590514.7271 9724838.9230 0.0000 2.0000 51.6827
1812 590942.7681 9724980.3730 0.0000 2.0000 51.6450
1813 590990.5682 9725000.6630 0.0000 2.2000 50.1905
1814 591418.1993 9725140.9130 0.0000 2.7000 56.1359
1815 587772.8204 9723814.3110 0.0000 1.3000 45.0226
1816 587780.7904 9723790.5100 0.0000 2.5000 50.1661
1817 587774.1004 9723894.9210 0.0000 2.5000 51.7103
1818 587780.9205 9723872.9310 0.0000 3.7000 50.2495
1819 587792.6805 9723839.8810 0.0000 1.8000 50.9670
1820 587796.7405 9723823.1910 0.0000 2.5000 54.6614
1821 587805.4805 9723796.7100 0.0000 1.0000 52.4781
1822 587795.9205 9723904.1410 0.0000 2.9000 53.7264
1823 587804.1305 9723881.5510 0.0000 3.3000 53.4500
1824 587810.3805 9723860.3810 0.0000 2.3000 53.1188
1825 587820.8805 9723830.4610 0.0000 2.5000 55.6541
1826 587830.8106 9723806.7600 0.0000 2.4000 49.8749
1827 587829.3206 9723886.0710 0.0000 3.8000 52.3265
1828 587836.3606 9723865.4310 0.0000 2.9000 53.1043
1829 587846.7306 9723837.7910 0.0000 3.4500 56.2655
1830 587852.8906 9723816.1510 0.0000 0.9000 46.1340
1831 587852.7606 9723897.3410 0.0000 3.3000 52.9294
1832 587859.7706 9723870.8010 0.0000 3.0000 53.4658
1833 587868.5907 9723847.8810 0.0000 3.0000 53.5210
1834 587876.8707 9723823.8510 0.0000 3.2000 50.3271
1835 587870.6207 9723921.4510 0.0000 3.6000 52.9404
1836 587876.4907 9723902.1410 0.0000 3.7000 52.9313
1837 587884.9207 9723879.1010 0.0000 3.7000 52.7213
1838 587892.4707 9723855.8910 0.0000 2.9000 53.8595
1839 587899.5207 9723832.3610 0.0000 3.9000 48.7175
1840 587899.5507 9723910.2010 0.0000 3.6500 51.3630
1841 587907.7808 9723890.4610 0.0000 2.6000 55.7459
1842 588148.6913 9724024.7910 0.0000 3.8200 53.0445
1843 588158.1114 9723999.0110 0.0000 2.8200 52.7162
1844 588164.9214 9723977.5210 0.0000 1.9200 50.5638
1845 588173.6814 9723948.3210 0.0000 2.7200 48.9980
1846 588176.5914 9724030.9210 0.0000 4.0000 53.8433
1847 588186.8314 9724007.1810 0.0000 3.6000 53.8162
1848 588195.0515 9723983.6310 0.0000 2.5000 51.3770
1849 588203.3215 9723958.7510 0.0000 2.6000 52.8622
1850 588198.7115 9724037.8410 0.0000 3.0000 51.2360
1851 588211.7315 9724015.2710 0.0000 3.0000 52.3058
1852 588218.6615 9723989.2410 0.0000 2.7400 52.7724
1853 588224.1815 9723968.0910 0.0000 2.6000 54.7764
1854 588232.4915 9723943.6210 0.0000 2.5200 54.3224
1855 588223.1715 9724048.1510 0.0000 2.0500 55.2538
1856 588233.7315 9724019.6010 0.0000 2.5000 53.7899
1857 588240.5916 9723995.6510 0.0000 3.5000 53.4728
1858 588245.0916 9723974.2910 0.0000 3.0000 56.0680
1859 588255.7616 9723952.4210 0.0000 2.0000 51.9718
1860 588460.6221 9724129.8510 0.0000 4.6000 55.5793
1861 588484.2622 9724134.3610 0.0000 2.0000 53.0616
1862 590481.0270 9724795.9230 0.0000 2.1500 53.5650
1863 590485.4870 9724773.9830 0.0000 2.7000 49.0740
1864 590495.3470 9724742.4220 0.0000 2.2500 55.5358
1865 590501.5970 9724723.7220 0.0000 3.9000 53.7915
1866 590510.8570 9724699.0620 0.0000 2.0000 50.5842
1867 590509.8071 9724780.8630 0.0000 1.5000 52.3601
1868 590518.6471 9724759.1830 0.0000 1.9000 55.0112
1869 590525.9571 9724730.6420 0.0000 1.8000 49.8032
1870 590535.4171 9724708.3320 0.0000 2.6000 54.1299
1871 590522.6971 9724815.1430 0.0000 1.2000 53.0492
1872 590529.7971 9724789.8730 0.0000 1.1500 48.0307
1873 590539.4571 9724767.2230 0.0000 1.7000 52.8773
1874 590550.8471 9724744.1420 0.0000 2.4500 51.7727
1875 590555.4872 9724719.8620 0.0000 2.4000 53.3636
1876 590559.6472 9724781.2630 0.0000 1.9500 49.4581
1877 590911.1180 9724919.0030 0.0000 2.2500 49.6143
1878 590927.0181 9724871.5030 0.0000 1.9000 55.4037
1879 590959.2481 9724934.9430 0.0000 2.0000 52.0430
1880 590977.4882 9724889.2430 0.0000 1.8000 52.0314
1881 590973.7382 9724969.6630 0.0000 2.4500 54.3238
1882 590990.3182 9724919.1030 0.0000 1.9000 53.1080
1883 591008.7783 9724871.0630 0.0000 2.9500 51.3162
1884 590998.8082 9724975.5630 0.0000 2.0500 51.4278
1885 591006.3483 9724949.9630 0.0000 3.4000 54.2515
1886 591014.3483 9724926.9930 0.0000 1.8000 53.6755
1887 591022.9983 9724904.2230 0.0000 3.0000 54.9692
1888 591028.8883 9724878.7330 0.0000 2.3000 52.9884
1889 591425.0293 9725117.1230 0.0000 2.5000 54.9642
1890 591440.9393 9725070.4730 0.0000 2.2000 55.0267
1891 591456.4493 9725023.3430 0.0000 4.5500 55.6744
1892 591462.4994 9725079.9930 0.0000 3.2000 56.8583
1893 591472.0894 9725058.7530 0.0000 2.8000 55.2921
1894 591478.7994 9725032.1330 0.0000 2.2000 56.1943
1895 591480.0894 9725109.0030 0.0000 3.1500 55.8255
1896 591490.1094 9725084.9530 0.0000 2.6000 56.7184
1897 591497.1694 9725058.8230 0.0000 4.1000 55.7113
1898 591511.4095 9725096.1830 0.0000 2.8500 53.9972
1899 591519.6695 9725071.5230 0.0000 3.2000 55.1640
1900 590517.7271 9724678.8820 0.0000 2.6500 53.7741
1901 590524.7971 9724658.9320 0.0000 1.9000 55.8982
1902 590534.2471 9724633.7420 0.0000 3.2000 54.9874
1903 590540.1071 9724688.7020 0.0000 2.7000 51.0825
1904 590548.1371 9724665.2220 0.0000 2.9000 50.3837
1905 590555.6471 9724642.0020 0.0000 1.8500 51.9692
1906 590564.7272 9724617.7120 0.0000 1.9000 48.1927
1907 590566.3272 9724696.8520 0.0000 1.5000 52.7735
1908 590573.4472 9724673.7620 0.0000 2.1500 52.4629
1909 590582.5572 9724649.9120 0.0000 2.4500 52.7375
1910 590589.6272 9724624.0320 0.0000 2.8500 49.0831
1911 590611.9273 9724634.5620 0.0000 1.8500 50.3821
1912 590942.5581 9724825.7830 0.0000 1.5000 57.1890
1913 590956.5981 9724776.1530 0.0000 3.0000 51.3476
1914 590992.0282 9724840.7030 0.0000 2.3000 50.5594
1915 591006.9582 9724792.4730 0.0000 2.8000 53.4834
1916 591014.3183 9724849.4830 0.0000 2.7000 51.7508
1917 591025.4783 9724824.9330 0.0000 2.6000 50.4893
1918 591037.8583 9724776.7730 0.0000 2.2500 53.4852
1919 591037.8783 9724856.6930 0.0000 3.0000 53.5602
1920 591044.7083 9724832.8630 0.0000 2.8000 51.4324
1921 591424.6993 9724959.4330 0.0000 2.8500 56.4652
1922 591431.9693 9724936.5530 0.0000 3.0000 56.0260
1923 591473.1294 9724973.5330 0.0000 3.1000 54.5833
1924 591485.7894 9725009.1530 0.0000 4.8500 55.1877
1925 591511.0895 9725014.7530 0.0000 3.6500 55.8657
1926 590984.0181 9724153.2510 0.0000 3.2500 47.4472
1927 590992.0681 9724130.4110 0.0000 3.0500 52.5445
1928 590998.8782 9724105.3110 0.0000 1.8000 52.6416
1930 591007.0582 9724160.8210 0.0000 2.7500 47.2682
1933 594399.4465 9726706.0970 0.0000 2.0000 44.8828
1934 594099.5558 9726652.5970 0.0000 1.3000 43.7725
1935 594125.6859 9726605.1370 0.0000 0.9500 45.5773
1936 594074.1557 9726602.6770 0.0000 1.6500 49.9196
1937 593974.1155 9726602.9470 0.0000 0.3000 20.6907
1938 593825.2751 9726602.7470 0.0000 2.0000 49.1092
1939 593774.6350 9726602.5670 0.0000 1.8000 47.1021
1940 593549.6245 9726651.4270 0.0000 1.5000 52.3487
1941 593873.9853 9726677.7670 0.0000 1.0000 53.5616
1942 593774.1250 9726677.0570 0.0000 1.5000 49.5087
1943 593875.0953 9726652.6970 0.0000 1.5000 51.3363
1944 593824.1951 9726653.1470 0.0000 2.2500 52.3054
1945 593724.0549 9726652.2270 0.0000 2.5000 51.8738
1946 593698.9048 9726649.9270 0.0000 1.6500 47.5917
1947 593550.7245 9726675.9570 0.0000 2.5000 51.3906
1948 593599.7546 9726651.5270 0.0000 3.0000 46.8009
1949 592798.9427 9726628.1770 0.0000 2.0500 54.4394
1950 592598.9822 9726627.7670 0.0000 2.9000 50.7202
1951 592548.9821 9726602.7670 0.0000 1.0000 46.4333
1952 593499.4244 9726654.4770 0.0000 1.0000 49.2514
1953 593449.0442 9726656.6070 0.0000 3.0000 53.1257
1954 593351.0940 9726653.6170 0.0000 1.8000 48.9775
1955 592748.5826 9726628.5470 0.0000 2.0000 49.9549
1956 592651.5523 9726628.7370 0.0000 2.3000 49.2128
1957 592623.9823 9726602.7670 0.0000 1.5000 52.6227
1958 593649.5347 9726651.0070 0.0000 1.5000 42.6390
1959 593098.7434 9726605.7270 0.0000 0.4000 44.2638
1961 593048.3633 9726605.3170 0.0000 1.0000 50.3910
1962 593001.7232 9726605.2870 0.0000 0.6000 45.8330
1963 591373.9092 9725736.4350 0.0000 2.0500 47.7991
1964 591431.8493 9725726.6450 0.0000 2.5000 49.4193
1965 591417.0393 9725614.6050 0.0000 1.5500 51.7698
1966 591415.5693 9725695.2750 0.0000 2.5500 51.6111
1967 591431.6793 9725645.6550 0.0000 1.3000 53.0531
1968 591447.7994 9725679.3250 0.0000 1.9000 54.0236
1969 593649.0847 9726602.7870 0.0000 2.1500 49.5626
1970 591463.7094 9725632.6350 0.0000 1.7000 50.7011
1972 591494.7895 9725695.7750 0.0000 0.9000 50.5807
1973 593506.0444 9726492.0760 0.0000 1.4500 46.0632
1974 593430.7142 9726493.5060 0.0000 1.6500 50.5646
1975 593353.8640 9726495.2560 0.0000 0.9000 53.9757
1976 591627.3098 9725531.4840 0.0000 1.5500 53.1033
1977 591644.1298 9725483.6440 0.0000 0.9000 49.9143
1978 591683.9199 9725441.4540 0.0000 0.9000 42.8080
1979 591669.3599 9725413.2140 0.0000 1.4000 49.4292
1980 591702.1599 9725319.2840 0.0000 1.6500 47.7050
1981 591730.5300 9725380.6240 0.0000 1.2500 48.4043
1982 593997.7555 9726452.6860 0.0000 1.2000 49.7366
1983 593899.6753 9726451.1660 0.0000 0.4000 51.4184
1984 593724.5149 9726449.7360 0.0000 2.3500 53.8175
1985 593655.8647 9726469.6560 0.0000 1.7000 47.5409
1986 593580.6645 9726469.5060 0.0000 1.6000 46.4338
1987 593481.3943 9726469.9460 0.0000 2.9000 49.2982
1988 593331.9339 9726469.8160 0.0000 3.0000 49.3514
2002 591686.3199 9725365.8140 0.0000 1.1000 50.3043
2003 591716.8300 9725272.3840 0.0000 1.3000 51.1145
2004 591702.1900 9725395.5340 0.0000 0.4000 51.6123
2005 591718.8600 9725349.4740 0.0000 1.2000 51.6273
2006 591715.0100 9725425.6140 0.0000 1.2000 51.1552
2007 591747.4901 9725332.1140 0.0000 0.8000 54.0750
2008 594474.0067 9726377.8760 0.0000 4.4500 53.0382
2009 594522.5768 9726330.7360 0.0000 2.7500 46.6416
2010 594149.3359 9726402.8160 0.0000 2.5500 51.5876
2011 594024.1156 9726402.6560 0.0000 2.1500 51.6198
2012 593799.5551 9726450.1260 0.0000 2.0000 50.7492
2013 591617.5098 9725712.8150 0.0000 2.5000 54.7743
2014 591625.4198 9725688.8750 0.0000 2.1000 56.1745
2015 591636.7798 9725663.5150 0.0000 1.0000 54.1512
2016 591650.4399 9725697.7950 0.0000 2.3500 52.1678
2017 591658.8899 9725672.8650 0.0000 1.3500 45.4999
2018 591660.3899 9725436.8940 0.0000 0.8000 52.0877
2019 591690.1799 9725573.8740 0.0000 1.0500 51.6065
2020 594272.8662 9726402.8260 0.0000 3.3000 45.9373
2021 593849.0852 9726402.7360 0.0000 1.6000 50.8502
2022 594608.2370 9726470.4660 0.0000 0.5000 55.6012
2023 594598.2670 9726449.3760 0.0000 2.4500 54.6258
2025 594349.7664 9726398.4260 0.0000 0.5000 53.9101
2026 594249.9361 9726301.3360 0.0000 2.6000 52.9658
2027 594143.9459 9726311.2460 0.0000 2.2000 51.7275
2028 594096.9758 9726353.0560 0.0000 2.4000 52.8509
2029 593944.0354 9726311.1560 0.0000 3.4500 54.0290
2030 593924.5154 9726403.1260 0.0000 1.5500 49.0288
2031 593779.9150 9726296.9960 0.0000 2.4000 49.8535
2032 594563.2869 9726326.8060 0.0000 2.0500 51.9816
2033 594568.9469 9726278.2860 0.0000 1.9000 50.4344
2034 594468.5267 9726333.1760 0.0000 1.6000 51.0582
2035 594423.9865 9726277.2760 0.0000 2.3500 47.9018
2036 594474.0567 9726252.2660 0.0000 2.7000 52.4533
2037 594374.4664 9726251.7560 0.0000 0.5000 53.7215
2038 594348.9264 9726301.5760 0.0000 0.9000 55.6955
2039 594274.0162 9726252.5760 0.0000 2.5500 51.3105
2040 593693.8948 9726260.0160 0.0000 0.9500 49.0444
2041 586332.1270 9724181.9520 0.0000 2.9000 54.2858
2042 586281.2869 9724131.8310 0.0000 1.5500 47.7800
2043 586331.8570 9724282.2820 0.0000 3.3000 52.2978
2044 586281.8169 9724232.6020 0.0000 2.3000 53.8507
2045 586381.0972 9724432.3120 0.0000 2.7000 55.5954
2046 586380.3972 9724531.9020 0.0000 1.8500 49.5967
2047 586330.7270 9724481.9820 0.0000 2.0000 55.0785
2048 586279.5769 9724432.2320 0.0000 2.1000 51.5170
2049 586281.1469 9724531.4120 0.0000 2.5000 44.7079
2050 586555.3776 9724604.7730 0.0000 1.6500 53.5762
2051 586555.1976 9724680.7230 0.0000 1.6000 44.5559
2052 586530.6375 9724681.6430 0.0000 1.7500 49.5672
2053 586455.3173 9724605.6830 0.0000 1.2000 49.1108
2054 586455.8274 9724681.3630 0.0000 0.8000 39.2728
2055 586431.3073 9724681.0030 0.0000 1.4000 46.7425
2056 586403.0072 9724653.2730 0.0000 3.8000 51.2178
2057 586355.1971 9724606.3430 0.0000 0.4000 52.1926
2058 586355.6871 9724705.7330 0.0000 1.0000 41.8506
2059 586285.9969 9724605.6030 0.0000 2.7000 54.3994
2060 586281.3869 9724631.8130 0.0000 1.9500 46.3248
2061 586281.6469 9724732.6730 0.0000 2.8500 48.8633
2063 593698.9848 9726302.7660 0.0000 2.2000 50.8230
2064 586333.2070 9724006.9910 0.0000 2.2000 52.3104
2066 586282.0369 9724331.8720 0.0000 1.9000 52.0772
2067 586282.0369 9724381.8720 0.0000 1.8000 57.1529
2069 594370.9264 9726350.5660 0.0000 2.0000 51.7018
2071 594297.8662 9726352.6360 0.0000 1.5000 51.8663
2072 593896.9753 9726353.0560 0.0000 2.0500 52.7681
2075 593649.1347 9726302.7960 0.0000 0.8500 49.3689
2077 586281.6369 9724280.2820 0.0000 1.9500 57.1861
2080 586283.5169 9723931.1810 0.0000 3.0500 51.6696
2081 586281.2769 9724031.8210 0.0000 1.1000 50.9779
2082 586231.6668 9724031.6910 0.0000 0.6500 50.0324
2083 586231.2568 9724081.7510 0.0000 1.3000 54.5558
2084 586233.0668 9724133.2910 0.0000 1.4000 49.8969
2085 586223.3168 9724181.7120 0.0000 2.3000 52.6370
2086 586231.2068 9723981.9910 0.0000 1.8000 51.8034
2087 586281.1869 9724082.1910 0.0000 2.6500 54.1162
2088 586181.4766 9724032.3710 0.0000 1.0500 53.1193
2089 586178.0366 9724106.8710 0.0000 0.8000 50.6433
2090 586181.7967 9724206.1420 0.0000 1.8000 49.4405
2091 586180.0766 9723932.5110 0.0000 2.4000 47.3150
2092 586230.3668 9724379.7920 0.0000 1.7500 58.5105
2093 586227.5568 9724480.0820 0.0000 1.6500 54.0335
2094 586177.4067 9724407.3220 0.0000 4.3000 51.4696
2095 586175.5867 9724501.3120 0.0000 3.2000 49.7364
2096 586224.8668 9724579.6620 0.0000 4.0500 52.5094
2097 586225.9168 9724279.0020 0.0000 0.9000 52.7398
2098 586183.7867 9724305.7620 0.0000 2.1500 56.9626
2102 586281.2069 9724682.2330 0.0000 2.4500 35.7600
2103 586224.1768 9724679.1830 0.0000 2.7000 49.6390
2104 586205.9168 9724733.6630 0.0000 2.0000 47.7225
2105 586179.5367 9724629.0130 0.0000 4.3000 53.1493
2106 586181.8067 9724706.6230 0.0000 3.1000 52.0891
2130 594224.1761 9726628.1270 0.0000 2.5000 50.4155
2131 594149.3959 9726627.5870 0.0000 2.5500 50.9644
2132 593974.6255 9726653.0070 0.0000 1.4000 41.4661
2133 593774.2750 9726651.8170 0.0000 3.5500 56.1407
2134 593924.7354 9726603.0070 0.0000 1.6000 44.9583
2135 593874.9053 9726601.9470 0.0000 2.1000 44.6212
2136 593724.0949 9726675.5570 0.0000 2.9000 51.1907
2137 593598.5246 9726601.8170 0.0000 1.0000 49.9990
2138 593548.8945 9726604.5570 0.0000 0.4000 46.3278
2139 593453.6843 9726681.0070 0.0000 2.4000 50.8023
2140 593500.2444 9726602.2170 0.0000 1.5000 48.7448
2141 593450.2842 9726577.7270 0.0000 1.9000 45.0850
2142 593397.0341 9726579.4070 0.0000 2.9000 46.8538
2143 593348.7040 9726577.5070 0.0000 0.9000 45.2999
2144 593299.5539 9726679.2470 0.0000 1.1000 40.0829
2145 592898.7729 9726622.8770 0.0000 3.3000 52.8469
2146 592849.1428 9726678.0070 0.0000 2.0000 54.5201
2147 592798.5627 9726677.8570 0.0000 2.8000 49.8270
2148 591526.9595 9725048.5730 0.0000 1.0000 53.1766
2149 591242.7488 9724815.5030 0.0000 3.3000 54.7233
2150 591368.6691 9724882.8930 0.0000 3.5000 54.8332
2151 591290.4489 9724808.4830 0.0000 4.2000 51.9675
2152 591378.2691 9724850.1030 0.0000 3.0000 53.6866
2153 591210.6387 9724727.9720 0.0000 3.6000 52.6846
2154 591228.1688 9724682.3120 0.0000 2.6000 52.0003
2159 591580.1998 9726619.4570 0.0000 2.6000 50.8206
2160 591595.7798 9726576.7070 0.0000 3.6500 52.0819
2161 591665.6100 9726517.9970 0.0000 3.2000 52.8580
2162 591706.9201 9726555.3270 0.0000 1.9000 50.9947
2163 591684.3100 9726470.5270 0.0000 2.0000 52.8239
2165 591645.3999 9726434.7260 0.0000 1.2500 52.8173
2166 591714.8401 9726373.6960 0.0000 2.4500 51.6343
2167 591730.5401 9726331.9560 0.0000 1.5000 52.3032
2168 591749.1101 9726280.7460 0.0000 1.6000 56.1055
2169 591728.2401 9726191.2660 0.0000 2.0000 49.0857
2170 591325.9290 9724851.6730 0.0000 3.2000 52.5679
2171 591415.4792 9724903.7130 0.0000 2.9000 54.8906
2172 591400.1092 9724797.0030 0.0000 3.9500 52.0155
2173 591564.1197 9726666.8070 0.0000 2.8000 50.5883
2175 591610.9398 9726526.6070 0.0000 2.3000 55.1642
2176 591629.7599 9726479.1370 0.0000 1.0500 51.7610
2177 591620.4599 9726659.4170 0.0000 1.5000 47.9129
2178 591635.9399 9726609.1470 0.0000 2.6500 52.9798
2179 591663.8000 9726380.4460 0.0000 4.7500 54.3491
2180 591678.5700 9726334.0260 0.0000 2.1000 52.8952
2181 591696.7100 9726280.6360 0.0000 1.9000 48.8225
2182 593548.9845 9726577.7670 0.0000 0.9500 46.8665
2183 593448.9842 9726602.6370 0.0000 1.6000 44.9593
2184 593499.4944 9726578.2470 0.0000 1.4000 48.9742
2185 591512.2095 9725726.2750 0.0000 2.9500 49.6189
2186 591527.7396 9725681.5650 0.0000 0.5000 46.4302
2187 591541.8496 9725709.7350 0.0000 0.4000 45.9165
2188 591574.5197 9725694.3450 0.0000 1.6000 44.0053
2189 591609.0798 9725678.1050 0.0000 2.4500 49.3165
2190 591643.8298 9725586.5840 0.0000 1.3000 49.2248
2191 591548.1297 9726715.1170 0.0000 3.4500 54.2091
2192 591658.2800 9726698.2170 0.0000 0.5000 45.6541
2193 591697.7801 9726735.1070 0.0000 1.9500 52.4221
2194 591672.5900 9726650.0170 0.0000 1.5000 49.5579
2195 591716.0201 9726691.2370 0.0000 3.1500 49.5895
2196 591781.6002 9726500.9170 0.0000 0.8000 53.1740
2197 591737.6201 9726461.4370 0.0000 1.5000 52.3636
2198 591840.4504 9726311.1060 0.0000 1.7000 49.8051
2199 591763.1702 9726234.3960 0.0000 1.8500 53.5234
2200 591802.1003 9726271.4460 0.0000 1.4500 52.5625
2201 591816.2803 9726229.5060 0.0000 1.3500 51.9689
2202 591850.7504 9726258.7360 0.0000 2.8000 51.3025
2203 591888.6205 9726170.6160 0.0000 2.7000 54.0697
2204 591882.8804 9726035.7850 0.0000 1.0500 42.2880
2205 591688.8400 9726602.7370 0.0000 1.4000 51.7505
2206 591696.4600 9726420.1260 0.0000 2.3500 51.8921
2208 593499.0844 9726679.0170 0.0000 2.5000 52.2817
2209 593349.3940 9726679.6370 0.0000 1.7000 50.7865
2210 593297.9739 9726653.7270 0.0000 1.5000 52.1910
2211 591596.2997 9725702.3250 0.0000 1.5000 50.5459
2212 592973.9831 9726623.6470 0.0000 1.5000 46.6632
2213 592949.5430 9726624.3970 0.0000 1.4000 52.5645
2214 591358.2191 9724696.4620 0.0000 2.6500 54.5496
2215 591345.9290 9724802.2230 0.0000 3.9500 55.6989
2216 591644.0299 9726747.7670 0.0000 0.9000 54.0153
2217 591738.5002 9726778.7770 0.0000 2.2500 55.0849
2218 591794.0603 9726770.2970 0.0000 1.2000 48.4978
2219 591770.2102 9726683.3470 0.0000 2.9000 54.1712
2220 591786.2903 9726635.4070 0.0000 2.2500 53.3578
2221 591833.7504 9726494.2970 0.0000 0.9000 42.8245
2222 591850.6804 9726444.3560 0.0000 0.5500 45.5547
2223 591883.0405 9726351.2260 0.0000 2.0000 51.7194
2224 591875.5004 9726217.9060 0.0000 2.9000 50.0240
2225 591913.7705 9726257.8260 0.0000 0.5000 46.7641
2226 591945.8506 9726162.4260 0.0000 1.0000 47.2850
2227 591903.0305 9726120.0060 0.0000 3.2000 53.2447
2228 591920.4705 9726075.5860 0.0000 2.5000 50.4689
2229 591977.8807 9726068.1160 0.0000 1.4000 51.3928
2230 587100.6788 9723804.9210 0.0000 1.0000 49.4763
2231 587376.2695 9723794.5600 0.0000 1.0000 44.1917
2232 587477.2097 9723793.3500 0.0000 0.5000 46.4455
2233 587097.9788 9723902.5710 0.0000 0.5000 49.4960
2234 587189.7190 9723900.1710 0.0000 1.5000 49.2454
2235 587454.3797 9723886.6210 0.0000 0.5000 46.8038
2236 587294.7593 9723993.5610 0.0000 0.8000 47.3682
2237 587359.0695 9724024.6810 0.0000 1.5000 50.2009
2238 591818.1903 9726540.7670 0.0000 2.2500 53.5104
2239 587236.5391 9723807.6610 0.0000 0.5000 45.3772
2240 587305.0293 9723799.3810 0.0000 0.5000 44.2567
2241 587200.2491 9723987.6210 0.0000 1.0000 48.9249
2242 591851.0304 9726130.7260 0.0000 2.3000 52.9444
2243 591937.0906 9726025.8850 0.0000 1.9000 51.3584
2244 592697.6424 9726377.0960 0.0000 2.3500 48.9330
2245 592648.7623 9726376.8760 0.0000 1.2000 43.6704
2246 592624.3522 9726326.8560 0.0000 1.4000 50.4124
2247 592567.7021 9726327.7260 0.0000 1.5000 47.1473
2248 592549.7921 9726278.8360 0.0000 0.5000 45.9917
2249 592749.8325 9726377.6060 0.0000 1.2000 48.7217
2250 592823.0527 9726326.3160 0.0000 0.9500 50.6097
2252 592724.0125 9726328.2960 0.0000 1.4000 45.7976
2253 592698.1424 9726276.6460 0.0000 0.9000 46.1043
2254 592523.3420 9726430.1960 0.0000 0.4000 47.0316
2255 592599.5922 9726374.9560 0.0000 2.2500 49.5911
2256 592547.8221 9726376.6560 0.0000 2.4000 51.1326
2257 592506.1920 9726376.8960 0.0000 1.0000 47.2755
2258 592599.5722 9726281.5360 0.0000 1.8500 46.4212
2259 593250.1137 9726380.1660 0.0000 1.3500 46.2455
2260 593149.2535 9726377.8360 0.0000 2.2000 50.9071
2261 593172.5336 9726330.3560 0.0000 3.3000 48.7490
2262 593247.8937 9726273.0260 0.0000 2.7000 51.9695
2263 593148.9935 9726278.4360 0.0000 1.6500 48.1145
2264 593098.1834 9726278.0360 0.0000 0.8000 43.3503
2265 587298.0193 9723884.2710 0.0000 1.0000 44.1123
2267 587105.6889 9724006.6410 0.0000 1.7000 49.7554
2268 593048.2133 9726380.8460 0.0000 1.7500 48.9577
2269 593022.5532 9726321.3460 0.0000 1.4000 48.2313
2270 592922.5730 9726324.6960 0.0000 1.4000 46.8501
2271 592751.7125 9726280.2860 0.0000 1.4500 45.8646
2272 592950.8330 9726278.4260 0.0000 1.4000 50.3782
2273 592673.4524 9726327.8960 0.0000 1.7500 49.4904
2274 592849.1028 9726277.7160 0.0000 0.7500 53.6747
2275 592798.4927 9726277.2960 0.0000 1.8500 47.3260
2276 593005.3932 9726280.9360 0.0000 0.7000 45.5935
2277 592568.1821 9726430.4660 0.0000 1.7500 45.1032
2278 592473.5519 9726430.3360 0.0000 1.4500 44.7163
2279 592522.4920 9726328.7160 0.0000 1.2500 42.9618
2280 592645.8223 9726278.2160 0.0000 1.2500 42.7490
2281 592499.2819 9726278.3560 0.0000 0.7000 42.9627
2282 593568.8045 9726225.5160 0.0000 1.5500 51.2722
2283 593572.6445 9726127.4560 0.0000 2.9500 53.1112
2284 593524.9244 9726129.1060 0.0000 3.3500 52.2238
2285 593352.0840 9726274.1260 0.0000 2.9500 53.6077
2286 593422.7441 9726225.5260 0.0000 2.2500 50.9460
2287 593324.1539 9726226.0860 0.0000 2.5500 52.5811
2288 593493.6643 9726176.3360 0.0000 1.5000 50.2003
2290 593099.6234 9726381.3460 0.0000 1.3000 50.6258
2291 593226.3037 9726326.0160 0.0000 1.8000 48.6150
2292 592975.2431 9726323.6860 0.0000 0.6500 49.1265
2294 592900.4729 9726277.9560 0.0000 0.7000 51.2885
2295 592875.0328 9726325.6260 0.0000 1.1500 53.0306
2311 591794.7503 9726455.1570 0.0000 0.4000 49.2759
2312 593623.7546 9726225.3960 0.0000 3.4000 54.9796
2313 593521.5044 9726225.4760 0.0000 1.2000 54.8060
2314 593599.1346 9726176.4660 0.0000 2.5000 51.6323
2315 593446.5442 9726278.5960 0.0000 2.2500 47.6535
2316 593398.0841 9726277.2360 0.0000 1.2000 48.3617
2317 593474.4143 9726225.8060 0.0000 1.5500 51.5102
2318 593370.5440 9726226.2560 0.0000 1.2500 47.7321
2319 593289.5438 9726273.0860 0.0000 1.2000 43.2922
2320 593123.3734 9726329.7760 0.0000 1.6000 47.8572
2321 593198.5936 9726278.7860 0.0000 2.6000 51.7671
2322 593072.4633 9726323.9060 0.0000 0.9000 42.2870
2323 593548.9644 9726178.2260 0.0000 2.0500 50.1891
2490 591464.9060 9724920.8180 0.0000 3.6500 52.3457
2491 591486.1540 9724876.4270 0.0000 2.6000 53.9437
2492 591243.4800 9724634.7700 0.0000 3.7000 54.7819
2493 591292.5300 9724651.9500 0.0000 3.6000 55.6866
2494 591320.8100 9724713.2200 0.0000 3.7000 53.7219
2495 591336.2800 9724666.6500 0.0000 3.0000 52.5962
2496 591359.1500 9724743.5300 0.0000 4.0000 54.6470
2497 591369.9710 9724708.7740 0.0000 3.0000 53.8833
2498 591391.2580 9724668.2640 0.0000 4.8500 54.2009
2499 591408.1790 9724748.0910 0.0000 3.5500 52.5608
2500 591433.4140 9724698.3130 0.0000 4.5000 55.1266
2501 591447.3790 9724833.0220 0.0000 3.6000 55.8625
2502 591496.1870 9724822.6810 0.0000 3.5000 54.7584
2503 591510.9490 9724775.6750 0.0000 3.7000 56.2041
2504 591518.5740 9724728.7670 0.0000 3.3500 55.6082
2505 591409.6710 9724613.2640 0.0000 2.1000 52.4701
2506 591472.5700 9724605.6060 0.0000 2.7000 54.1036
2507 591562.1800 9724635.7630 0.0000 2.1000 55.0103
2545 591475.7680 9724738.4500 0.0000 2.6000 54.4889
2546 591489.8760 9724700.3730 0.0000 3.0000 52.8251
2547 591426.6940 9724563.1120 0.0000 1.5500 52.5737
2549 591449.5530 9724653.0300 0.0000 3.4000 53.5195
2550 591502.6370 9724500.3630 0.0000 2.0000 52.8571
2551 591503.3670 9724639.7590 0.0000 1.0000 50.5615
2552 591517.3130 9724596.3030 0.0000 1.0000 49.5621
2553 591545.1620 9724684.5080 0.0000 3.0000 54.6743
2554 591462.2300 9724470.2260 0.0000 2.1000 54.7415
2555 591442.2690 9724435.6660 0.0000 2.4000 52.0220
2556 591457.7783 9724389.7690 0.0000 1.6000 54.4842
2557 591473.2377 9724342.7090 0.0000 1.2000 50.5601
2558 591479.3970 9724423.9490 0.0000 2.5000 50.9667
2559 591494.4580 9724376.7350 0.0000 2.6500 47.7348
2633 593249.5332 9725977.5470 0.0000 3.2000 53.2561
2634 593198.9694 9725977.7750 0.0000 2.1500 54.1327
2635 593149.2878 9725976.2750 0.0000 1.0000 55.1070
2636 593098.8874 9725977.7670 0.0000 1.5500 52.2790
2637 592924.4094 9726027.5370 0.0000 1.6500 50.2724
2638 593048.9790 9725977.7690 0.0000 1.5500 47.0457
2639 592999.0605 9725977.7670 0.0000 1.9000 45.9692
2640 592949.0892 9725977.7680 0.0000 1.6500 52.8390
2641 592898.6920 9725977.7710 0.0000 1.2000 51.7128
2642 592774.1282 9726027.7400 0.0000 0.8000 50.9941
2643 592728.4511 9726027.7940 0.0000 1.8000 51.5087
2644 592849.0203 9725977.7690 0.0000 1.0000 48.1315
2645 592798.7014 9725977.7730 0.0000 1.0500 45.0080
2646 593223.9210 9725927.7290 0.0000 1.7500 48.0633
2647 593123.8670 9725927.7890 0.0000 1.0000 48.3937
2648 593199.0030 9725877.7510 0.0000 1.9000 50.1182
2649 593148.9190 9725877.7990 0.0000 2.1000 52.8993
2650 593101.3240 9725878.2550 0.0000 1.5500 50.5663
2651 593224.1564 9725827.7740 0.0000 1.8000 54.6070
2652 593124.0405 9725827.6070 0.0000 2.3000 53.5060
2653 593024.0430 9725927.7050 0.0000 1.4000 49.4053
2654 592924.0820 9725927.6380 0.0000 2.0500 50.5433
2655 593049.0470 9725877.8290 0.0000 1.5000 47.8347
2656 592998.9070 9725877.7960 0.0000 2.8500 51.0567
2657 592948.9510 9725877.7080 0.0000 1.0000 47.5763
2658 592898.9560 9725877.7170 0.0000 0.5000 46.0178
2659 593024.2873 9725827.7740 0.0000 3.1500 52.4532
2660 592923.9571 9725827.7680 0.0000 0.9500 51.5009
2661 592998.8900 9725777.7660 0.0000 2.4000 52.6968
2662 592948.7970 9725777.8710 0.0000 1.9000 50.1475
2663 592898.7860 9725778.9310 0.0000 2.8500 52.2375
2664 592873.9503 9726027.7760 0.0000 1.0000 47.3261
2665 592824.0580 9726111.2310 0.0000 2.1500 48.9076
2666 592763.0780 9726117.7820 0.0000 2.0000 50.9207
2667 592723.8120 9726121.3750 0.0000 1.5000 50.1766
2668 592798.8040 9726077.8300 0.0000 2.0000 51.4602
2669 592748.6550 9726077.5780 0.0000 0.6000 47.4124
2670 592749.1334 9725977.7690 0.0000 0.5000 43.1349
2671 592823.9790 9725927.6810 0.0000 1.2500 52.9164
2672 592848.9070 9725877.6860 0.0000 1.5000 46.7533
2673 592798.8870 9725877.7870 0.0000 2.0500 53.1386
2674 592824.0032 9725827.7710 0.0000 2.0000 54.2263
2675 592848.6000 9725778.4030 0.0000 2.0000 50.0020
2688 592823.6281 9726027.8640 0.0000 0.5000 42.6805
2743 591646.4030 9724848.4600 0.0000 2.0000 51.6099
2744 591662.0630 9724802.2070 0.0000 3.0000 52.7019
2745 591682.5660 9724889.6690 0.0000 1.8000 51.0281
2746 591716.5260 9724793.5730 0.0000 2.9500 53.9064
2747 591757.1140 9724834.0210 0.0000 2.5000 53.8427
2748 591771.3790 9724786.0940 0.0000 1.5000 52.9048
2749 591654.2120 9724974.0440 0.0000 2.4000 54.4673
2750 591712.2440 9724976.5780 0.0000 2.2500 54.8960
2751 591728.7750 9724928.1970 0.0000 2.0000 48.8462
2753 591779.2940 9724920.8170 0.0000 2.0000 49.0342
2754 591790.3920 9724736.7440 0.0000 2.1000 54.5450
2755 591846.3790 9724729.4180 0.0000 1.1000 54.0564
2756 591764.9937 9724964.1460 0.0000 2.0500 53.2441
2757 591812.1420 9724827.0710 0.0000 1.0000 47.4432
2758 591817.7600 9724959.3280 0.0000 1.5000 48.4936
2759 591834.9990 9724911.4860 0.0000 1.4000 51.6085
2760 591851.2260 9724866.2610 0.0000 1.0000 49.0941
2761 591869.9330 9724815.3640 0.0000 1.5000 53.2268
2762 591916.7045 9724991.1700 0.0000 1.0500 49.3997
2763 591941.6580 9724895.0640 0.0000 1.0000 50.5369
2764 591615.1120 9724627.6750 0.0000 2.0000 51.3182
2765 591695.0710 9724707.7900 0.0000 2.6000 51.4641
2766 591709.9610 9724659.8460 0.0000 1.5000 51.5333
2767 591751.1220 9724698.6470 0.0000 2.2000 52.0719
2768 591806.9750 9724690.9200 0.0000 0.5000 53.0839
2769 591894.9610 9724768.3950 0.0000 1.5000 52.4324
2770 591903.9710 9724722.2300 0.0000 0.5000 47.1247
2771 591923.5790 9724807.9460 0.0000 1.0000 47.7181
2772 591970.8540 9724791.2680 0.0000 0.9000 50.2694
2784 591939.8760 9724763.9030 0.0000 2.0000 53.6004
